4.040679180139505888e-10
1.389636993408203125e-01
2.576432228088378906e-01
3.048795759677886963e-01
3.165876269340515137e-01
3.099359273910522461e-01
2.934401333332061768e-01
2.785964310169219971e-01
2.799297571182250977e-01
2.859847843647003174e-01
2.937586605548858643e-01
2.904059886932373047e-01
2.911123037338256836e-01
2.928944230079650879e-01
2.899844646453857422e-01
2.881899774074554443e-01
2.851295471191406250e-01
2.893199622631072998e-01
3.026848137378692627e-01
3.128601312637329102e-01
3.100446164608001709e-01
3.153810501098632812e-01
3.209584653377532959e-01
3.225223720073699951e-01
3.336325883865356445e-01
3.405959308147430420e-01
3.303676545619964600e-01
3.332531750202178955e-01
3.513143956661224365e-01
3.553949296474456787e-01
3.466803133487701416e-01
3.547582030296325684e-01
3.598783910274505615e-01
3.644653260707855225e-01
3.681891560554504395e-01
3.780384659767150879e-01
3.769775629043579102e-01
3.710037469863891602e-01
3.773252069950103760e-01
3.867027163505554199e-01
3.859561979770660400e-01
3.890600502490997314e-01
3.837645947933197021e-01
3.818005621433258057e-01
3.948167860507965088e-01
3.998037874698638916e-01
3.949434161186218262e-01
3.968533575534820557e-01
3.953232467174530029e-01
4.057143032550811768e-01
4.045350551605224609e-01
4.038981497287750244e-01
4.051871001720428467e-01
4.031200408935546875e-01
4.080528914928436279e-01
4.059638082981109619e-01
4.092741608619689941e-01
4.028120636940002441e-01
4.129706919193267822e-01
4.083561897277832031e-01
4.103021025657653809e-01
4.094966053962707520e-01
4.159786403179168701e-01
4.121617376804351807e-01
4.137358069419860840e-01
4.170611500740051270e-01
4.156860113143920898e-01
4.178716540336608887e-01
4.188154935836791992e-01
4.183057546615600586e-01
4.210414886474609375e-01
4.299955666065216064e-01
4.324849247932434082e-01
4.366270005702972412e-01
4.332346916198730469e-01
4.292637407779693604e-01
4.367802739143371582e-01
4.349647462368011475e-01
4.399886131286621094e-01
4.371327757835388184e-01
4.427204132080078125e-01
4.423947036266326904e-01
4.410674273967742920e-01
4.403668642044067383e-01
4.413002431392669678e-01
4.418873190879821777e-01
4.475029408931732178e-01
4.540630578994750977e-01
4.356962144374847412e-01
4.439294338226318359e-01
4.578143954277038574e-01
4.541435241699218750e-01
4.531301856040954590e-01
4.497317373752593994e-01
4.596042633056640625e-01
4.530707895755767822e-01
4.594159722328186035e-01
4.532105922698974609e-01
4.682650566101074219e-01
4.650008380413055420e-01
4.607449173927307129e-01
4.625567793846130371e-01
4.691102802753448486e-01
4.748062789440155029e-01
4.701380729675292969e-01
4.676780700683593750e-01
4.703368544578552246e-01
4.740975499153137207e-01
4.723306298255920410e-01
4.801766872406005859e-01
4.824787378311157227e-01
4.832203686237335205e-01
4.797254204750061035e-01
4.870254397392272949e-01
4.883590340614318848e-01
4.858064055442810059e-01
4.894285202026367188e-01
4.935444295406341553e-01
4.865570366382598877e-01
4.868605732917785645e-01
4.900139272212982178e-01
4.988179802894592285e-01
4.920276105403900146e-01
5.012931227684020996e-01
4.985982477664947510e-01
5.008096694946289062e-01
4.948706328868865967e-01
4.985729157924652100e-01
5.001449584960937500e-01
4.981842339038848877e-01
5.003943443298339844e-01
5.032635927200317383e-01
5.043662786483764648e-01
5.009403824806213379e-01
5.036938786506652832e-01
5.092099308967590332e-01
5.131557583808898926e-01
5.149806141853332520e-01
5.167174935340881348e-01
5.157116651535034180e-01
5.104306936264038086e-01
5.209516286849975586e-01
5.204138159751892090e-01
5.128159523010253906e-01
5.167390108108520508e-01
5.251393914222717285e-01
5.206688046455383301e-01
5.172095298767089844e-01
5.232207179069519043e-01
5.186978578567504883e-01
5.274884700775146484e-01
5.310491919517517090e-01
5.252420902252197266e-01
5.285972952842712402e-01
5.330445170402526855e-01
5.308399200439453125e-01
5.277574062347412109e-01
5.363270044326782227e-01
5.394469499588012695e-01
5.374881625175476074e-01
5.328745245933532715e-01
5.407285690307617188e-01
5.424014329910278320e-01
5.330203771591186523e-01
5.381176471710205078e-01
5.430450439453125000e-01
5.369279980659484863e-01
5.316261649131774902e-01
5.459590554237365723e-01
5.395837426185607910e-01
5.372267365455627441e-01
5.405902266502380371e-01
5.500213503837585449e-01
5.492425560951232910e-01
5.456352829933166504e-01
5.461242794990539551e-01
5.525786280632019043e-01
5.439867377281188965e-01
5.476436614990234375e-01
5.508475303649902344e-01
5.531595349311828613e-01
5.583754181861877441e-01
5.597491860389709473e-01
5.553037524223327637e-01
5.522292852401733398e-01
5.561231970787048340e-01
5.564684271812438965e-01
5.584878325462341309e-01
5.627411603927612305e-01
5.663367509841918945e-01
5.684322714805603027e-01
5.637735128402709961e-01
5.622407197952270508e-01
5.649322867393493652e-01
5.662315487861633301e-01
5.684394240379333496e-01
5.697271823883056641e-01
5.705907940864562988e-01
5.707570314407348633e-01
5.706810355186462402e-01
5.682135224342346191e-01
5.744594931602478027e-01
5.801065564155578613e-01
5.770515799522399902e-01
5.758060216903686523e-01
5.802062153816223145e-01
5.713607668876647949e-01
5.754790902137756348e-01
5.839582681655883789e-01
5.819610953330993652e-01
5.786734223365783691e-01
5.791813731193542480e-01
5.835661292076110840e-01
5.824266672134399414e-01
5.829398036003112793e-01
5.863838195800781250e-01
5.830122828483581543e-01
5.751430988311767578e-01
5.839743018150329590e-01
5.945807695388793945e-01
5.859761834144592285e-01
5.913823843002319336e-01
5.975816845893859863e-01
5.891942977905273438e-01
5.867776870727539062e-01
5.869854688644409180e-01
5.901516079902648926e-01
5.883516669273376465e-01
5.934465527534484863e-01
5.941501259803771973e-01
5.947445631027221680e-01
5.904928445816040039e-01
5.852758884429931641e-01
5.899186730384826660e-01
5.970013141632080078e-01
5.915079116821289062e-01
5.930662751197814941e-01
5.988822579383850098e-01
5.987342000007629395e-01
5.993778705596923828e-01
5.981436967849731445e-01
6.020272374153137207e-01
6.035633087158203125e-01
6.001759171485900879e-01
6.000803709030151367e-01
6.112855672836303711e-01
6.057726740837097168e-01
6.135245561599731445e-01
6.071872711181640625e-01
6.052755117416381836e-01
6.088333129882812500e-01
6.124917268753051758e-01
6.090375185012817383e-01
6.170238852500915527e-01
6.127496361732482910e-01
6.140245199203491211e-01
6.124233603477478027e-01
6.179603338241577148e-01
6.204115152359008789e-01
6.212520599365234375e-01
6.176519393920898438e-01
6.225913166999816895e-01
6.230733394622802734e-01
6.157060265541076660e-01
6.219385862350463867e-01
6.266847252845764160e-01
6.255581974983215332e-01
6.269695758819580078e-01
6.274236440658569336e-01
6.334958672523498535e-01
6.276602745056152344e-01
6.258096694946289062e-01
6.182420849800109863e-01
6.272142529487609863e-01
6.409482955932617188e-01
6.309983134269714355e-01
6.321406960487365723e-01
6.372567415237426758e-01
6.289148330688476562e-01
6.286539435386657715e-01
6.382063627243041992e-01
6.453870534896850586e-01
6.393274068832397461e-01
6.340198516845703125e-01
6.390193104743957520e-01
6.415132880210876465e-01
6.387572884559631348e-01
6.407981514930725098e-01
6.398520469665527344e-01
6.341997981071472168e-01
6.377918720245361328e-01
6.469150185585021973e-01
6.463716626167297363e-01
6.405532956123352051e-01
6.514395475387573242e-01
6.482740044593811035e-01
6.461277008056640625e-01
6.384285092353820801e-01
6.487906575202941895e-01
6.531431674957275391e-01
6.512866020202636719e-01
6.494287848472595215e-01
6.506032943725585938e-01
6.501997113227844238e-01
6.495525240898132324e-01
6.568622589111328125e-01
6.570804715156555176e-01
6.571296453475952148e-01
6.530992984771728516e-01
6.561185121536254883e-01
6.610038876533508301e-01
6.601295471191406250e-01
6.563397645950317383e-01
6.589267849922180176e-01
6.703674197196960449e-01
6.685647368431091309e-01
6.656371951103210449e-01
6.671512722969055176e-01
6.673638224601745605e-01
6.680207848548889160e-01
6.597494482994079590e-01
6.680822372436523438e-01
6.680448651313781738e-01
6.596792936325073242e-01
6.669892668724060059e-01
6.690188646316528320e-01
6.735953092575073242e-01
6.767635941505432129e-01
6.690341234207153320e-01
6.689035892486572266e-01
6.739008426666259766e-01
6.755115985870361328e-01
6.782231926918029785e-01
6.758238077163696289e-01
6.748625040054321289e-01
6.753549575805664062e-01
6.729646325111389160e-01
6.817110776901245117e-01
6.800187826156616211e-01
6.760796904563903809e-01
6.797353029251098633e-01
6.874130964279174805e-01
6.777937412261962891e-01
6.875604391098022461e-01
6.831617355346679688e-01
6.845329403877258301e-01
6.895452737808227539e-01
6.868069171905517578e-01
6.824820041656494141e-01
6.867703199386596680e-01
6.858235001564025879e-01
6.911564469337463379e-01
6.922743916511535645e-01
6.946817636489868164e-01
6.892818808555603027e-01
6.913912892341613770e-01
6.913335919380187988e-01
6.991817951202392578e-01
6.933885216712951660e-01
6.966507434844970703e-01
6.893671751022338867e-01
6.946575045585632324e-01
6.967473626136779785e-01
6.974518299102783203e-01
6.989712119102478027e-01
6.934491395950317383e-01
6.950101852416992188e-01
6.996894478797912598e-01
7.046899199485778809e-01
6.998699903488159180e-01
7.018585205078125000e-01
7.014718651771545410e-01
7.023420333862304688e-01
7.064892649650573730e-01
6.996784210205078125e-01
7.013021707534790039e-01
7.076743245124816895e-01
7.104151248931884766e-01
7.077499032020568848e-01
7.082824707031250000e-01
7.071849107742309570e-01
7.097247242927551270e-01
7.039980292320251465e-01
7.094035148620605469e-01
7.104144692420959473e-01
7.097257971763610840e-01
7.117819190025329590e-01
7.120906114578247070e-01
7.143279910087585449e-01
7.167762517929077148e-01
7.198988199234008789e-01
7.200683951377868652e-01
7.176667451858520508e-01
7.181847691535949707e-01
7.194318771362304688e-01
7.253552079200744629e-01
7.258048653602600098e-01
7.180724740028381348e-01
7.180859446525573730e-01
7.207247614860534668e-01
7.304233312606811523e-01
7.297932505607604980e-01
7.194274067878723145e-01
7.306865453720092773e-01
7.335652112960815430e-01
7.259822487831115723e-01
7.264572978019714355e-01
7.342724204063415527e-01
7.326775193214416504e-01
7.294524312019348145e-01
7.366586923599243164e-01
7.377796769142150879e-01
7.342692613601684570e-01
7.302222847938537598e-01
7.258480787277221680e-01
7.407900691032409668e-01
7.423061728477478027e-01
7.379275560379028320e-01
7.324183583259582520e-01
7.375515103340148926e-01
7.467006444931030273e-01
7.433807253837585449e-01
7.421541213989257812e-01
7.425644397735595703e-01
7.444200515747070312e-01
7.409014105796813965e-01
7.457177042961120605e-01
7.497471570968627930e-01
7.517690658569335938e-01
7.400878071784973145e-01
7.442600131034851074e-01
7.479257583618164062e-01
7.479952573776245117e-01
7.513570785522460938e-01
7.456295490264892578e-01
7.463175654411315918e-01
7.487937211990356445e-01
7.465953826904296875e-01
7.479156255722045898e-01
7.475668191909790039e-01
7.480137348175048828e-01
7.406274080276489258e-01
7.495314478874206543e-01
7.497534155845642090e-01
7.546783089637756348e-01
7.484862208366394043e-01
7.514222264289855957e-01
7.561743855476379395e-01
7.526378631591796875e-01
7.505479454994201660e-01
7.535554170608520508e-01
7.569205164909362793e-01
7.492005825042724609e-01
7.501311898231506348e-01
7.564250826835632324e-01
7.579807043075561523e-01
7.605937719345092773e-01
7.588095068931579590e-01
7.546254396438598633e-01
7.593292593955993652e-01
7.634392976760864258e-01
7.653301358222961426e-01
7.636867165565490723e-01
7.644806504249572754e-01
7.664410471916198730e-01
7.653420567512512207e-01
7.593365311622619629e-01
7.669489979743957520e-01
7.690655589103698730e-01
7.700740098953247070e-01
7.677937150001525879e-01
7.735204696655273438e-01
7.789894938468933105e-01
7.724302411079406738e-01
7.668315768241882324e-01
7.640017271041870117e-01
7.667282223701477051e-01
7.707767486572265625e-01
7.732490301132202148e-01
7.704146504402160645e-01
7.793829441070556641e-01
7.723088860511779785e-01
7.736018896102905273e-01
7.691724300384521484e-01
7.715855240821838379e-01
7.726396918296813965e-01
7.792462110519409180e-01
7.737024426460266113e-01
7.709013819694519043e-01
7.806103825569152832e-01
7.828206419944763184e-01
7.798163294792175293e-01
7.784395217895507812e-01
7.779448032379150391e-01
7.788597941398620605e-01
7.817304730415344238e-01
7.848498225212097168e-01
7.860119342803955078e-01
7.847063541412353516e-01
7.821320295333862305e-01
7.825391292572021484e-01
7.846165299415588379e-01
7.918813824653625488e-01
7.944268584251403809e-01
7.857737541198730469e-01
7.889671325683593750e-01
7.922393679618835449e-01
7.934042811393737793e-01
7.869483232498168945e-01
7.970557808876037598e-01
8.006020784378051758e-01
7.965987324714660645e-01
7.903375029563903809e-01
7.989685535430908203e-01
8.003663420677185059e-01
7.968112230300903320e-01
7.985437512397766113e-01
7.956668734550476074e-01
8.014320135116577148e-01
7.950291037559509277e-01
8.011047244071960449e-01
8.041592240333557129e-01
8.011798858642578125e-01
8.066101074218750000e-01
8.056183457374572754e-01
8.030363917350769043e-01
8.018574118614196777e-01
8.102163672447204590e-01
8.072144389152526855e-01
8.024003505706787109e-01
8.037572503089904785e-01
8.077192306518554688e-01
8.088971376419067383e-01
8.116601109504699707e-01
8.158619403839111328e-01
8.114522099494934082e-01
8.103815913200378418e-01
8.097928166389465332e-01
8.115839958190917969e-01
8.129496574401855469e-01
8.098251819610595703e-01
8.185698986053466797e-01
8.182632327079772949e-01
8.177324533462524414e-01
8.170520663261413574e-01
8.149062395095825195e-01
8.114622235298156738e-01
8.167525529861450195e-01
8.163568973541259766e-01
8.184340596199035645e-01
8.173727989196777344e-01
8.192024827003479004e-01
8.135686516761779785e-01
8.168650865554809570e-01
8.202230930328369141e-01
8.144524693489074707e-01
8.241221308708190918e-01
8.146992921829223633e-01
8.233002424240112305e-01
8.225337862968444824e-01
8.178114295005798340e-01
8.150789737701416016e-01
8.219512104988098145e-01
8.220711350440979004e-01
8.222916126251220703e-01
8.195832371711730957e-01
8.172281384468078613e-01
8.172894120216369629e-01
8.236076831817626953e-01
8.227352499961853027e-01
8.237908482551574707e-01
8.253601789474487305e-01
8.255800604820251465e-01
8.250398039817810059e-01
8.332886099815368652e-01
8.326843976974487305e-01
8.255476951599121094e-01
8.270230889320373535e-01
8.301510214805603027e-01
8.343201875686645508e-01
8.399315476417541504e-01
8.372191190719604492e-01
8.368204236030578613e-01
8.411100506782531738e-01
8.396576642990112305e-01
8.360429406166076660e-01
8.390467762947082520e-01
8.408978581428527832e-01
8.399376273155212402e-01
8.360920548439025879e-01
8.396205902099609375e-01
8.441535830497741699e-01
8.393121361732482910e-01
8.338493108749389648e-01
8.377269506454467773e-01
8.460857272148132324e-01
8.407868146896362305e-01
8.382143974304199219e-01
8.418568968772888184e-01
8.456265926361083984e-01
8.415918350219726562e-01
8.410136103630065918e-01
8.428579568862915039e-01
8.439174294471740723e-01
8.380253911018371582e-01
8.403148651123046875e-01
8.432414531707763672e-01
8.446053862571716309e-01
8.361785411834716797e-01
8.381384611129760742e-01
8.455582857131958008e-01
8.431708812713623047e-01
8.422158360481262207e-01
8.484312891960144043e-01
8.396305441856384277e-01
8.469826579093933105e-01
8.493881821632385254e-01
8.432171344757080078e-01
8.455475568771362305e-01
8.462198376655578613e-01
8.455076217651367188e-01
8.440341949462890625e-01
8.435127735137939453e-01
8.505486249923706055e-01
8.543171286582946777e-01
8.482182621955871582e-01
8.446220755577087402e-01
8.521887660026550293e-01
8.530164361000061035e-01
8.476661443710327148e-01
8.458049297332763672e-01
8.478348851203918457e-01
8.504171371459960938e-01
8.480670452117919922e-01
8.493988513946533203e-01
8.555876016616821289e-01
8.532021045684814453e-01
8.540315628051757812e-01
8.533200621604919434e-01
8.500446677207946777e-01
8.583900928497314453e-01
8.561577200889587402e-01
8.534309864044189453e-01
8.558140993118286133e-01
8.503573536872863770e-01
8.503674864768981934e-01
8.527702093124389648e-01
8.576053380966186523e-01
8.608459830284118652e-01
8.562247753143310547e-01
8.573532700538635254e-01
8.561785221099853516e-01
8.579785823822021484e-01
8.585658669471740723e-01
8.578890562057495117e-01
8.594607114791870117e-01
8.555282950401306152e-01
8.545624613761901855e-01
8.583274483680725098e-01
8.629252314567565918e-01
8.668125867843627930e-01
8.557530641555786133e-01
8.565586805343627930e-01
8.654205203056335449e-01
8.666200041770935059e-01
8.654628396034240723e-01
8.618234992027282715e-01
8.631061911582946777e-01
8.676320314407348633e-01
8.646571636199951172e-01
8.667454123497009277e-01
8.676747679710388184e-01
8.722411394119262695e-01
8.666254878044128418e-01
8.610532879829406738e-01
8.710300922393798828e-01
8.703167438507080078e-01
8.728359937667846680e-01
8.716613054275512695e-01
8.717715144157409668e-01
8.722031116485595703e-01
8.716683983802795410e-01
8.694663643836975098e-01
8.731349110603332520e-01
8.770850300788879395e-01
8.749308586120605469e-01
8.721030950546264648e-01
8.783692717552185059e-01
8.714900612831115723e-01
8.730933070182800293e-01
8.803104162216186523e-01
8.802080154418945312e-01
8.764330744743347168e-01
8.719938397407531738e-01
8.773073554039001465e-01
8.773114085197448730e-01
8.836368322372436523e-01
8.760992288589477539e-01
8.769597411155700684e-01
8.775147199630737305e-01
8.812630176544189453e-01
8.820856809616088867e-01
8.822365403175354004e-01
8.830460906028747559e-01
8.797082304954528809e-01
8.830237984657287598e-01
8.827708959579467773e-01
8.837055563926696777e-01
8.857998251914978027e-01
8.780977725982666016e-01
8.843823671340942383e-01
8.859153389930725098e-01
8.822040557861328125e-01
8.805183768272399902e-01
8.855250477790832520e-01
8.821172118186950684e-01
8.810856342315673828e-01
8.869183063507080078e-01
8.915634155273437500e-01
8.864683508872985840e-01
8.842483162879943848e-01
8.778958916664123535e-01
8.843027949333190918e-01
8.850511908531188965e-01
8.890264630317687988e-01
8.887634277343750000e-01
8.894460797309875488e-01
8.861059546470642090e-01
8.885406851768493652e-01
8.912907838821411133e-01
8.853068351745605469e-01
8.867033720016479492e-01
8.884055018424987793e-01
8.828750252723693848e-01
8.845527172088623047e-01
8.919126987457275391e-01
8.947097063064575195e-01
8.889861106872558594e-01
8.824038505554199219e-01
8.855308890342712402e-01
8.912819623947143555e-01
8.931847810745239258e-01
8.921667337417602539e-01
8.946716189384460449e-01
8.936733603477478027e-01
8.878571987152099609e-01
8.923583626747131348e-01
8.898106813430786133e-01
8.895225524902343750e-01
8.907724618911743164e-01
8.926777243614196777e-01
8.905161023139953613e-01
8.936825394630432129e-01
8.957105278968811035e-01
8.894770145416259766e-01
8.929970264434814453e-01
8.968436121940612793e-01
8.921332955360412598e-01
8.966631889343261719e-01
8.924816846847534180e-01
8.958976268768310547e-01
