4.040679180139505888e-10
3.099114298820495605e-01
2.917869985103607178e-01
2.850930392742156982e-01
3.109173476696014404e-01
3.174575865268707275e-01
3.353804647922515869e-01
3.321790695190429688e-01
3.393523991107940674e-01
3.532242774963378906e-01
3.699301779270172119e-01
3.562592566013336182e-01
3.698373734951019287e-01
3.675664365291595459e-01
3.757224977016448975e-01
3.802900314331054688e-01
3.746806383132934570e-01
3.789678812026977539e-01
3.804588317871093750e-01
3.778308033943176270e-01
3.818810880184173584e-01
3.751682639122009277e-01
3.863062858581542969e-01
3.849703371524810791e-01
3.836002349853515625e-01
3.927290737628936768e-01
3.864697813987731934e-01
3.938363492488861084e-01
3.883929252624511719e-01
3.974829912185668945e-01
3.923901319503784180e-01
3.902184069156646729e-01
4.044299721717834473e-01
3.896698355674743652e-01
3.978932499885559082e-01
4.075765907764434814e-01
3.896531164646148682e-01
4.046024978160858154e-01
4.039881825447082520e-01
4.014303386211395264e-01
4.021128118038177490e-01
4.015894532203674316e-01
4.007877111434936523e-01
4.035756587982177734e-01
4.057647585868835449e-01
4.051020741462707520e-01
4.053468704223632812e-01
4.042257070541381836e-01
4.032615125179290771e-01
3.962620496749877930e-01
4.067562818527221680e-01
4.112053513526916504e-01
4.104756414890289307e-01
4.058723449707031250e-01
4.048703312873840332e-01
4.127219617366790771e-01
4.067196249961853027e-01
4.031084775924682617e-01
4.141774177551269531e-01
4.008202552795410156e-01
4.180399477481842041e-01
4.213849604129791260e-01
4.008666872978210449e-01
4.158779680728912354e-01
4.215858280658721924e-01
4.094255268573760986e-01
4.101341664791107178e-01
4.128961861133575439e-01
4.167286157608032227e-01
4.171005487442016602e-01
4.098332524299621582e-01
4.128881990909576416e-01
4.163083434104919434e-01
4.130763411521911621e-01
4.191355705261230469e-01
4.149984121322631836e-01
4.132095575332641602e-01
4.203092157840728760e-01
4.183225631713867188e-01
4.204082787036895752e-01
4.205628931522369385e-01
4.178118109703063965e-01
4.310405254364013672e-01
4.136739969253540039e-01
4.247739613056182861e-01
4.157964587211608887e-01
4.172935783863067627e-01
4.174200594425201416e-01
4.166745543479919434e-01
4.069625437259674072e-01
4.246987402439117432e-01
4.247959852218627930e-01
4.131574034690856934e-01
4.212912619113922119e-01
4.267015457153320312e-01
4.165766537189483643e-01
4.164620935916900635e-01
4.314096271991729736e-01
4.198991358280181885e-01
4.293580651283264160e-01
4.341703653335571289e-01
4.281568825244903564e-01
4.198563992977142334e-01
4.255619049072265625e-01
4.292117655277252197e-01
4.231964051723480225e-01
4.331780970096588135e-01
4.230130910873413086e-01
4.320791065692901611e-01
4.280014336109161377e-01
4.321389198303222656e-01
4.266863465309143066e-01
4.245930910110473633e-01
4.315718412399291992e-01
4.322888553142547607e-01
4.288465380668640137e-01
4.315116405487060547e-01
4.354596138000488281e-01
4.273150563240051270e-01
4.250325262546539307e-01
4.261044561862945557e-01
4.321803152561187744e-01
4.264461100101470947e-01
4.386846721172332764e-01
4.230810701847076416e-01
4.364656805992126465e-01
4.392581880092620850e-01
4.311201870441436768e-01
4.338189363479614258e-01
4.355696737766265869e-01
4.291511178016662598e-01
4.316818416118621826e-01
4.365856051445007324e-01
4.276360571384429932e-01
4.361990988254547119e-01
4.324593245983123779e-01
4.378339350223541260e-01
4.346891045570373535e-01
4.252387583255767822e-01
4.468427896499633789e-01
4.322928786277770996e-01
4.279828071594238281e-01
4.414852559566497803e-01
4.360941350460052490e-01
4.306536316871643066e-01
4.435135424137115479e-01
4.290232062339782715e-01
4.420086443424224854e-01
4.364863038063049316e-01
4.449265599250793457e-01
4.419949352741241455e-01
4.395022392272949219e-01
4.396069347858428955e-01
4.462009072303771973e-01
4.349696338176727295e-01
4.382735490798950195e-01
4.530211687088012695e-01
4.389181733131408691e-01
4.465423524379730225e-01
4.496200084686279297e-01
4.437900185585021973e-01
4.414180219173431396e-01
4.496833682060241699e-01
4.509079754352569580e-01
4.394449889659881592e-01
4.427016973495483398e-01
4.427212178707122803e-01
4.394989013671875000e-01
4.364458322525024414e-01
4.380888342857360840e-01
4.488174617290496826e-01
4.465701580047607422e-01
4.460754990577697754e-01
4.509233236312866211e-01
4.342420399188995361e-01
4.482266008853912354e-01
4.486301839351654053e-01
4.387238323688507080e-01
4.537910819053649902e-01
4.444821178913116455e-01
4.537416398525238037e-01
4.468107223510742188e-01
4.545132219791412354e-01
4.428173005580902100e-01
4.466166496276855469e-01
4.579159319400787354e-01
4.500382542610168457e-01
4.438607692718505859e-01
4.531422853469848633e-01
4.491274058818817139e-01
4.404124021530151367e-01
4.501815438270568848e-01
4.515347480773925781e-01
4.429892301559448242e-01
4.550628662109375000e-01
4.503009021282196045e-01
4.424404799938201904e-01
4.468567073345184326e-01
4.551460444927215576e-01
4.409456551074981689e-01
4.460147023200988770e-01
4.604422152042388916e-01
4.453334212303161621e-01
4.554363191127777100e-01
4.572535455226898193e-01
4.463810324668884277e-01
4.554100632667541504e-01
4.365249276161193848e-01
4.524099528789520264e-01
4.453635811805725098e-01
4.384023845195770264e-01
4.488350152969360352e-01
4.557895064353942871e-01
4.525368809700012207e-01
4.513413906097412109e-01
4.496127665042877197e-01
4.538923799991607666e-01
4.503044784069061279e-01
4.453035295009613037e-01
4.548884034156799316e-01
4.410659074783325195e-01
4.519990384578704834e-01
4.461881816387176514e-01
4.441693127155303955e-01
4.524825215339660645e-01
4.456295371055603027e-01
4.521310329437255859e-01
4.362968206405639648e-01
4.538266360759735107e-01
4.533080458641052246e-01
4.481430649757385254e-01
4.481750130653381348e-01
4.531882405281066895e-01
4.393735826015472412e-01
4.552203714847564697e-01
4.432971477508544922e-01
4.457096457481384277e-01
4.499017894268035889e-01
4.404547810554504395e-01
4.436859786510467529e-01
4.416278004646301270e-01
4.477066993713378906e-01
4.391726553440093994e-01
4.491442739963531494e-01
4.525672197341918945e-01
4.533639848232269287e-01
4.427979588508605957e-01
4.513426125049591064e-01
4.522398710250854492e-01
4.351887702941894531e-01
4.558203816413879395e-01
4.519486129283905029e-01
4.546207189559936523e-01
4.461217522621154785e-01
4.586637318134307861e-01
4.528792798519134521e-01
4.524672627449035645e-01
4.582745134830474854e-01
4.600759744644165039e-01
4.587259888648986816e-01
4.533292949199676514e-01
4.576875269412994385e-01
4.518124163150787354e-01
4.628852605819702148e-01
4.519948065280914307e-01
4.580020010471343994e-01
4.523448944091796875e-01
4.605988860130310059e-01
4.495660662651062012e-01
4.565930366516113281e-01
4.452371597290039062e-01
4.533473849296569824e-01
4.530427753925323486e-01
4.441363513469696045e-01
4.589448869228363037e-01
4.494275450706481934e-01
4.497130513191223145e-01
4.582255184650421143e-01
4.575229287147521973e-01
4.539081156253814697e-01
4.544122517108917236e-01
4.617563188076019287e-01
4.534040391445159912e-01
4.616099298000335693e-01
4.487754404544830322e-01
4.528594017028808594e-01
4.550366103649139404e-01
4.484260082244873047e-01
4.568026959896087646e-01
4.583712220191955566e-01
4.561330974102020264e-01
4.577800929546356201e-01
4.556387960910797119e-01
4.553164839744567871e-01
4.618969857692718506e-01
4.473283290863037109e-01
4.554349780082702637e-01
4.568584263324737549e-01
4.466622769832611084e-01
4.597581028938293457e-01
