4.040679180139505888e-10
1.389627158641815186e-01
2.573075294494628906e-01
3.051330745220184326e-01
3.171902000904083252e-01
3.102732002735137939e-01
2.946238815784454346e-01
2.777767181396484375e-01
2.785121202468872070e-01
2.857029736042022705e-01
2.927225232124328613e-01
2.910999357700347900e-01
2.953414320945739746e-01
2.972706556320190430e-01
2.940429151058197021e-01
2.932132184505462646e-01
2.898987233638763428e-01
2.927680611610412598e-01
3.063647449016571045e-01
3.188208341598510742e-01
3.164069652557373047e-01
3.150642812252044678e-01
3.231352269649505615e-01
3.246591985225677490e-01
3.368014395236968994e-01
3.448881804943084717e-01
3.375022113323211670e-01
3.397055268287658691e-01
3.526843488216400146e-01
3.575161993503570557e-01
3.459108173847198486e-01
3.529810309410095215e-01
3.664948940277099609e-01
3.657494783401489258e-01
3.635026812553405762e-01
3.790052235126495361e-01
3.720056414604187012e-01
3.696670532226562500e-01
3.729349374771118164e-01
3.910892903804779053e-01
3.820322453975677490e-01
3.819243013858795166e-01
3.798467218875885010e-01
3.848848342895507812e-01
3.954527080059051514e-01
3.940916061401367188e-01
3.904677927494049072e-01
3.940034806728363037e-01
3.983390033245086670e-01
4.077293574810028076e-01
3.925819694995880127e-01
4.043536782264709473e-01
4.127469062805175781e-01
4.017211198806762695e-01
3.957269489765167236e-01
4.049614667892456055e-01
4.165129661560058594e-01
4.104037284851074219e-01
4.059802293777465820e-01
4.097433388233184814e-01
4.167643785476684570e-01
4.124814569950103760e-01
4.137083590030670166e-01
4.133685529232025146e-01
4.129449427127838135e-01
4.135603308677673340e-01
4.092342257499694824e-01
4.122812151908874512e-01
4.181937575340270996e-01
4.179014563560485840e-01
4.145611822605133057e-01
4.134961366653442383e-01
4.267478585243225098e-01
4.254110157489776611e-01
4.143400192260742188e-01
4.246009290218353271e-01
4.279755949974060059e-01
4.225807487964630127e-01
4.253111481666564941e-01
4.358708858489990234e-01
4.289693832397460938e-01
4.139620363712310791e-01
4.259213805198669434e-01
4.283069372177124023e-01
4.322613775730133057e-01
4.311988353729248047e-01
4.319550991058349609e-01
4.368935227394104004e-01
4.334536790847778320e-01
4.331917762756347656e-01
4.347636699676513672e-01
4.348180294036865234e-01
4.383412897586822510e-01
4.270328879356384277e-01
4.326380491256713867e-01
4.412620067596435547e-01
4.446723163127899170e-01
4.397040605545043945e-01
4.392315447330474854e-01
4.422313570976257324e-01
4.433236122131347656e-01
4.444576203823089600e-01
4.466086626052856445e-01
4.450651407241821289e-01
4.477124810218811035e-01
4.465068280696868896e-01
4.441426396369934082e-01
4.472494125366210938e-01
4.542332589626312256e-01
4.488705098628997803e-01
4.450178444385528564e-01
4.459801912307739258e-01
4.532164037227630615e-01
4.489172995090484619e-01
4.493441581726074219e-01
4.535995423793792725e-01
4.484066367149353027e-01
4.554488360881805420e-01
4.572024345397949219e-01
4.567621052265167236e-01
4.500355124473571777e-01
4.559066295623779297e-01
4.552381038665771484e-01
4.572082757949829102e-01
4.630945026874542236e-01
4.627593159675598145e-01
4.625549912452697754e-01
4.607917368412017822e-01
4.571870267391204834e-01
4.547718465328216553e-01
4.709625542163848877e-01
4.712284505367279053e-01
4.659463465213775635e-01
4.669624269008636475e-01
4.686195254325866699e-01
4.651784002780914307e-01
4.594585299491882324e-01
4.722369015216827393e-01
4.729395508766174316e-01
4.697053730487823486e-01
4.753843843936920166e-01
4.736373126506805420e-01
4.637439250946044922e-01
4.658182561397552490e-01
4.710187017917633057e-01
4.744877815246582031e-01
4.767606258392333984e-01
4.697914123535156250e-01
4.840736687183380127e-01
4.727211892604827881e-01
4.686788022518157959e-01
4.775487482547760010e-01
4.797149896621704102e-01
4.784137308597564697e-01
4.826394021511077881e-01
4.833136498928070068e-01
4.813139140605926514e-01
4.850083291530609131e-01
4.753483235836029053e-01
4.812476634979248047e-01
4.817201197147369385e-01
4.856019616127014160e-01
4.878413677215576172e-01
4.861167073249816895e-01
4.860883653163909912e-01
4.922319948673248291e-01
4.907836019992828369e-01
4.860595166683197021e-01
4.864317476749420166e-01
4.812660515308380127e-01
4.915551543235778809e-01
4.970981180667877197e-01
4.875265657901763916e-01
4.848010838031768799e-01
4.845717847347259521e-01
4.879936873912811279e-01
4.964642524719238281e-01
4.974759519100189209e-01
4.900471270084381104e-01
4.889126121997833252e-01
4.896358847618103027e-01
4.948398470878601074e-01
4.950878322124481201e-01
4.943686425685882568e-01
4.884315133094787598e-01
4.859921634197235107e-01
4.936213195323944092e-01
4.973504543304443359e-01
4.951064586639404297e-01
5.003068447113037109e-01
5.012822151184082031e-01
5.042274594306945801e-01
5.013137459754943848e-01
4.947046637535095215e-01
4.980391561985015869e-01
5.041974782943725586e-01
5.006750822067260742e-01
4.961783885955810547e-01
5.007255077362060547e-01
5.045624375343322754e-01
5.056502223014831543e-01
5.027939677238464355e-01
5.024890303611755371e-01
5.037940740585327148e-01
5.060380697250366211e-01
5.040708780288696289e-01
5.125628113746643066e-01
5.088539719581604004e-01
5.035417675971984863e-01
5.057200789451599121e-01
5.123521089553833008e-01
5.079087018966674805e-01
5.146390199661254883e-01
5.098471641540527344e-01
5.055770277976989746e-01
5.088536739349365234e-01
5.086268782615661621e-01
5.058052539825439453e-01
5.116752982139587402e-01
5.109173655509948730e-01
5.138870477676391602e-01
5.141264200210571289e-01
5.039011836051940918e-01
5.094546675682067871e-01
5.204759836196899414e-01
5.163441896438598633e-01
5.103276968002319336e-01
5.164303183555603027e-01
5.140970349311828613e-01
5.154928565025329590e-01
5.154234170913696289e-01
5.204663872718811035e-01
5.259518027305603027e-01
5.132797360420227051e-01
5.112043619155883789e-01
5.190715789794921875e-01
5.230967402458190918e-01
5.108721852302551270e-01
5.149119496345520020e-01
5.268914699554443359e-01
5.241994857788085938e-01
5.223192572593688965e-01
5.167222619056701660e-01
5.201447010040283203e-01
5.286995768547058105e-01
5.233575105667114258e-01
5.261996984481811523e-01
5.299509167671203613e-01
5.268591046333312988e-01
5.305293202400207520e-01
5.328014492988586426e-01
5.232865810394287109e-01
5.319634675979614258e-01
5.368713140487670898e-01
5.340636372566223145e-01
5.293483734130859375e-01
5.375904440879821777e-01
5.293496847152709961e-01
5.335244536399841309e-01
5.338038802146911621e-01
5.306515097618103027e-01
5.397206544876098633e-01
5.378062725067138672e-01
5.310648083686828613e-01
5.340207815170288086e-01
5.378670096397399902e-01
5.329625010490417480e-01
5.402150750160217285e-01
5.350405573844909668e-01
5.357384085655212402e-01
5.314548611640930176e-01
5.358586907386779785e-01
5.358528494834899902e-01
5.342368483543395996e-01
5.316341519355773926e-01
5.356127619743347168e-01
5.379455685615539551e-01
5.375121235847473145e-01
5.378690361976623535e-01
5.371126532554626465e-01
5.364581346511840820e-01
5.404074788093566895e-01
5.414340496063232422e-01
5.420949459075927734e-01
5.345517992973327637e-01
5.383222103118896484e-01
5.458332300186157227e-01
5.410810112953186035e-01
5.400308966636657715e-01
5.434097647666931152e-01
5.455834865570068359e-01
5.442734956741333008e-01
5.395568609237670898e-01
5.445009469985961914e-01
5.462120175361633301e-01
5.425116419792175293e-01
5.400226712226867676e-01
5.467222929000854492e-01
5.461345314979553223e-01
5.442856550216674805e-01
5.444315075874328613e-01
5.396750569343566895e-01
5.498565435409545898e-01
5.444276928901672363e-01
5.442835092544555664e-01
5.447015166282653809e-01
5.534862279891967773e-01
5.499250888824462891e-01
5.405326485633850098e-01
5.472455620765686035e-01
5.524091124534606934e-01
5.488951206207275391e-01
5.496676564216613770e-01
5.555007457733154297e-01
5.502976775169372559e-01
5.510964989662170410e-01
5.507943034172058105e-01
5.531520247459411621e-01
5.514919161796569824e-01
5.444051027297973633e-01
5.586677789688110352e-01
5.554393529891967773e-01
5.575721263885498047e-01
5.524398684501647949e-01
5.528005361557006836e-01
5.621305108070373535e-01
5.574516654014587402e-01
5.555067658424377441e-01
5.508644580841064453e-01
5.582029223442077637e-01
5.695373415946960449e-01
5.623739957809448242e-01
5.603685379028320312e-01
5.582427382469177246e-01
5.603072643280029297e-01
5.546255111694335938e-01
5.508940219879150391e-01
5.598917007446289062e-01
5.662649273872375488e-01
5.726731419563293457e-01
5.720908045768737793e-01
5.602108836174011230e-01
5.602607727050781250e-01
5.663122534751892090e-01
5.694653391838073730e-01
5.677253603935241699e-01
5.640648007392883301e-01
5.660150051116943359e-01
5.662509799003601074e-01
5.647472739219665527e-01
5.621848702430725098e-01
5.675322413444519043e-01
5.638483166694641113e-01
5.677856802940368652e-01
5.733253359794616699e-01
5.669023990631103516e-01
5.633800029754638672e-01
5.665279030799865723e-01
5.709577202796936035e-01
5.683937668800354004e-01
5.697594285011291504e-01
5.705310106277465820e-01
5.704964399337768555e-01
5.657881498336791992e-01
5.673251748085021973e-01
5.690549015998840332e-01
5.717541575431823730e-01
5.739283561706542969e-01
5.754395723342895508e-01
5.685535073280334473e-01
5.807213187217712402e-01
5.852859020233154297e-01
5.725210309028625488e-01
5.745050907135009766e-01
5.721104145050048828e-01
5.715906620025634766e-01
5.695221424102783203e-01
5.740938782691955566e-01
5.747187137603759766e-01
5.775623917579650879e-01
5.748069882392883301e-01
5.760514140129089355e-01
5.784030556678771973e-01
5.898466110229492188e-01
5.834470391273498535e-01
5.757417082786560059e-01
5.786548852920532227e-01
5.834068655967712402e-01
5.789828896522521973e-01
5.846994519233703613e-01
5.804889798164367676e-01
5.783215761184692383e-01
5.792152285575866699e-01
5.822224617004394531e-01
5.787791013717651367e-01
5.783486962318420410e-01
5.848317742347717285e-01
5.819068551063537598e-01
5.697463154792785645e-01
5.731760859489440918e-01
5.835323333740234375e-01
5.917851924896240234e-01
5.795861482620239258e-01
5.857738256454467773e-01
5.841000080108642578e-01
5.760548114776611328e-01
5.784739851951599121e-01
5.870942473411560059e-01
5.884212851524353027e-01
5.850945115089416504e-01
5.835416913032531738e-01
5.795623660087585449e-01
5.866670012474060059e-01
5.861568450927734375e-01
5.849622488021850586e-01
5.898013710975646973e-01
5.827680230140686035e-01
5.815457105636596680e-01
5.810001492500305176e-01
5.907492637634277344e-01
5.933912992477416992e-01
5.910094380378723145e-01
5.879039168357849121e-01
5.880047678947448730e-01
5.856187939643859863e-01
5.820127129554748535e-01
5.891209840774536133e-01
5.924264788627624512e-01
5.902455449104309082e-01
5.858672857284545898e-01
5.873126983642578125e-01
5.869958996772766113e-01
5.809948444366455078e-01
5.890457630157470703e-01
5.904055833816528320e-01
5.922541022300720215e-01
5.940119028091430664e-01
5.872243046760559082e-01
5.797250866889953613e-01
5.880855917930603027e-01
5.908581614494323730e-01
5.891138911247253418e-01
5.918911695480346680e-01
5.884419679641723633e-01
5.979465842247009277e-01
5.932479500770568848e-01
5.820530652999877930e-01
5.915537476539611816e-01
5.968190431594848633e-01
5.898283123970031738e-01
5.905687808990478516e-01
5.920089483261108398e-01
5.954189300537109375e-01
5.918617248535156250e-01
5.887137055397033691e-01
5.885849595069885254e-01
5.960056781768798828e-01
5.951055884361267090e-01
5.915894508361816406e-01
5.920800566673278809e-01
5.990420579910278320e-01
5.926895141601562500e-01
5.893906354904174805e-01
5.950814485549926758e-01
5.942272543907165527e-01
5.964013338088989258e-01
6.017023324966430664e-01
5.943210721015930176e-01
5.978608727455139160e-01
5.904802083969116211e-01
5.972763895988464355e-01
6.018362045288085938e-01
5.982407927513122559e-01
5.995932817459106445e-01
6.019161343574523926e-01
5.922527909278869629e-01
5.988016724586486816e-01
6.054079532623291016e-01
5.989124774932861328e-01
6.012119650840759277e-01
6.070938706398010254e-01
6.039186120033264160e-01
6.041864156723022461e-01
5.991536378860473633e-01
5.998886823654174805e-01
6.025489568710327148e-01
6.038889288902282715e-01
6.034174561500549316e-01
6.060042381286621094e-01
6.063035130500793457e-01
6.062804460525512695e-01
6.059988737106323242e-01
6.078724265098571777e-01
6.014344096183776855e-01
6.089517474174499512e-01
6.081056594848632812e-01
6.085401177406311035e-01
6.064832210540771484e-01
6.096967458724975586e-01
6.070711612701416016e-01
6.048882603645324707e-01
6.138744950294494629e-01
6.109932065010070801e-01
6.101135611534118652e-01
6.071038842201232910e-01
6.047528982162475586e-01
6.027725338935852051e-01
6.086789965629577637e-01
6.104444861412048340e-01
6.057317256927490234e-01
6.110695004463195801e-01
6.097680330276489258e-01
6.076668500900268555e-01
6.105902194976806641e-01
6.100223064422607422e-01
6.126322150230407715e-01
6.117566823959350586e-01
6.059560775756835938e-01
6.081770658493041992e-01
6.163969039916992188e-01
6.098721623420715332e-01
6.056924462318420410e-01
6.102510094642639160e-01
6.125354766845703125e-01
6.100314855575561523e-01
6.129437088966369629e-01
6.185919642448425293e-01
6.155824065208435059e-01
6.092656254768371582e-01
6.097509264945983887e-01
6.165382862091064453e-01
6.122440099716186523e-01
6.086326241493225098e-01
6.099295616149902344e-01
6.122918725013732910e-01
6.128938198089599609e-01
6.071582436561584473e-01
6.116436123847961426e-01
6.150851249694824219e-01
6.097602844238281250e-01
6.128999590873718262e-01
6.156802177429199219e-01
6.129771471023559570e-01
6.106504797935485840e-01
6.142103075981140137e-01
6.154628396034240723e-01
6.139152646064758301e-01
6.086970567703247070e-01
6.113464832305908203e-01
6.132956743240356445e-01
6.113417744636535645e-01
6.160764694213867188e-01
6.190553307533264160e-01
6.117624044418334961e-01
6.064709424972534180e-01
6.162210106849670410e-01
6.225603222846984863e-01
6.196795105934143066e-01
6.215276718139648438e-01
6.165530681610107422e-01
6.211497187614440918e-01
6.225729584693908691e-01
6.201763153076171875e-01
6.213914155960083008e-01
6.262454986572265625e-01
6.255216598510742188e-01
6.234133839607238770e-01
6.268469691276550293e-01
6.256752014160156250e-01
6.163099408149719238e-01
6.270323991775512695e-01
6.342796683311462402e-01
6.272008419036865234e-01
6.153989434242248535e-01
6.221764087677001953e-01
6.242334842681884766e-01
6.201675534248352051e-01
6.216122508049011230e-01
6.265640258789062500e-01
6.305013895034790039e-01
6.259634494781494141e-01
6.281058788299560547e-01
6.292720437049865723e-01
6.335371136665344238e-01
6.303750276565551758e-01
6.219491958618164062e-01
6.231889128684997559e-01
6.341989636421203613e-01
6.231021881103515625e-01
6.178842186927795410e-01
6.329953074455261230e-01
6.347424387931823730e-01
6.314014792442321777e-01
6.266487240791320801e-01
6.244049668312072754e-01
6.240917444229125977e-01
6.337776780128479004e-01
6.357048749923706055e-01
6.360380053520202637e-01
6.314100623130798340e-01
6.296363472938537598e-01
6.335306167602539062e-01
6.342868804931640625e-01
6.391666531562805176e-01
6.372026801109313965e-01
6.331952214241027832e-01
6.355379223823547363e-01
6.363487243652343750e-01
6.359833478927612305e-01
6.383263468742370605e-01
6.395549774169921875e-01
6.362567543983459473e-01
6.314070820808410645e-01
6.317612528800964355e-01
6.340554356575012207e-01
6.360964179039001465e-01
6.360447406768798828e-01
6.340815424919128418e-01
6.348797678947448730e-01
6.379225254058837891e-01
6.371068954467773438e-01
6.368413567543029785e-01
6.292852163314819336e-01
6.358361840248107910e-01
6.331180334091186523e-01
6.336502432823181152e-01
6.327696442604064941e-01
6.350733637809753418e-01
6.354060769081115723e-01
6.323940753936767578e-01
6.378346085548400879e-01
6.442805528640747070e-01
6.323868632316589355e-01
6.350224614143371582e-01
6.368784308433532715e-01
6.374122500419616699e-01
6.436564326286315918e-01
6.367607116699218750e-01
6.340472698211669922e-01
6.347692012786865234e-01
6.405623555183410645e-01
6.363422274589538574e-01
6.370686292648315430e-01
6.383776068687438965e-01
6.423425078392028809e-01
6.379963755607604980e-01
6.442546844482421875e-01
6.369737386703491211e-01
6.362233757972717285e-01
6.406593918800354004e-01
6.384847164154052734e-01
6.389338374137878418e-01
6.431334018707275391e-01
6.406329870223999023e-01
6.398553848266601562e-01
6.417734622955322266e-01
6.421337127685546875e-01
6.460199356079101562e-01
6.394681930541992188e-01
6.418697834014892578e-01
6.396179199218750000e-01
6.427937150001525879e-01
6.395304203033447266e-01
6.404631137847900391e-01
6.449928283691406250e-01
6.481605172157287598e-01
6.405698060989379883e-01
6.415125131607055664e-01
6.452506184577941895e-01
6.498638987541198730e-01
6.482285261154174805e-01
6.530857086181640625e-01
6.543054580688476562e-01
6.463764905929565430e-01
6.436208486557006836e-01
6.487476825714111328e-01
6.485410332679748535e-01
6.495380997657775879e-01
6.430953741073608398e-01
6.446501612663269043e-01
6.482768654823303223e-01
6.430424451828002930e-01
6.455218195915222168e-01
6.526721715927124023e-01
6.568939089775085449e-01
6.533159017562866211e-01
6.547617912292480469e-01
6.521217823028564453e-01
6.520528793334960938e-01
6.495994329452514648e-01
6.460728049278259277e-01
6.523416042327880859e-01
6.546453237533569336e-01
6.531853079795837402e-01
6.495783925056457520e-01
6.518541574478149414e-01
6.528686881065368652e-01
6.611077785491943359e-01
6.474435925483703613e-01
6.499478220939636230e-01
6.534533500671386719e-01
6.480730175971984863e-01
6.495800614356994629e-01
6.482643485069274902e-01
6.489947438240051270e-01
6.511544585227966309e-01
6.504557728767395020e-01
6.503871679306030273e-01
6.503577828407287598e-01
6.513660550117492676e-01
6.590871214866638184e-01
6.545094847679138184e-01
6.467283368110656738e-01
6.519038081169128418e-01
6.470552682876586914e-01
6.485704779624938965e-01
6.566442847251892090e-01
6.528702378273010254e-01
6.547181010246276855e-01
6.593821644783020020e-01
6.605727076530456543e-01
6.527152657508850098e-01
6.575941443443298340e-01
6.598641276359558105e-01
6.627213358879089355e-01
6.553983688354492188e-01
6.570391654968261719e-01
6.659834980964660645e-01
6.620877981185913086e-01
6.576157808303833008e-01
6.618365049362182617e-01
6.582754254341125488e-01
6.618425846099853516e-01
6.660714745521545410e-01
6.593145728111267090e-01
6.685602664947509766e-01
6.600421071052551270e-01
6.625434756278991699e-01
6.707578897476196289e-01
6.634786725044250488e-01
6.653913259506225586e-01
6.619776487350463867e-01
6.669502258300781250e-01
6.687868833541870117e-01
6.591389179229736328e-01
6.609156727790832520e-01
6.643930077552795410e-01
6.600502133369445801e-01
6.648151874542236328e-01
6.632807254791259766e-01
6.636528372764587402e-01
6.627483963966369629e-01
6.658037900924682617e-01
6.645440459251403809e-01
6.675523519515991211e-01
6.590327024459838867e-01
6.655310392379760742e-01
6.674151420593261719e-01
6.648769378662109375e-01
6.640153527259826660e-01
6.717357635498046875e-01
