4.040679180139505888e-10
1.388218402862548828e-01
2.564770579338073730e-01
3.040166497230529785e-01
3.153805732727050781e-01
3.081690371036529541e-01
2.934635877609252930e-01
2.794435322284698486e-01
2.799478769302368164e-01
2.856665849685668945e-01
2.939950525760650635e-01
2.926385998725891113e-01
2.946333289146423340e-01
2.938078939914703369e-01
2.891062796115875244e-01
2.860284447669982910e-01
2.833056151866912842e-01
2.901692390441894531e-01
3.056027889251708984e-01
3.155353963375091553e-01
3.128498494625091553e-01
3.144451379776000977e-01
3.191448152065277100e-01
3.187406957149505615e-01
3.274343907833099365e-01
3.363152742385864258e-01
3.288809061050415039e-01
3.389168381690979004e-01
3.468248248100280762e-01
3.497047424316406250e-01
3.441918790340423584e-01
3.521664440631866455e-01
3.612391054630279541e-01
3.630891442298889160e-01
3.648182153701782227e-01
3.732210397720336914e-01
3.746372759342193604e-01
3.687891066074371338e-01
3.746985495090484619e-01
3.882119953632354736e-01
3.885806202888488770e-01
3.870348036289215088e-01
3.840959966182708740e-01
3.952262699604034424e-01
4.021936655044555664e-01
3.914512991905212402e-01
3.956114947795867920e-01
3.952479958534240723e-01
3.945683240890502930e-01
4.033631384372711182e-01
3.970288038253784180e-01
4.003138542175292969e-01
4.056057929992675781e-01
3.987745642662048340e-01
4.058983922004699707e-01
4.098940491676330566e-01
4.073922634124755859e-01
4.039382040500640869e-01
4.116881191730499268e-01
4.089548885822296143e-01
4.127664566040039062e-01
4.139693677425384521e-01
4.195219278335571289e-01
4.153085649013519287e-01
4.148010909557342529e-01
4.154642522335052490e-01
4.119856953620910645e-01
4.180178642272949219e-01
4.266945421695709229e-01
4.242672622203826904e-01
4.260658621788024902e-01
4.243177771568298340e-01
4.298990666866302490e-01
4.317642450332641602e-01
4.269279241561889648e-01
4.260597229003906250e-01
4.321962594985961914e-01
4.325911104679107666e-01
4.372992515563964844e-01
4.380104839801788330e-01
4.342896044254302979e-01
4.332518279552459717e-01
4.389654099941253662e-01
4.442363381385803223e-01
4.452922046184539795e-01
4.407051503658294678e-01
4.398652315139770508e-01
4.464596211910247803e-01
4.495802521705627441e-01
4.518652260303497314e-01
4.486577510833740234e-01
4.418693184852600098e-01
4.541358947753906250e-01
4.569049477577209473e-01
4.525927305221557617e-01
4.553645551204681396e-01
4.615616798400878906e-01
4.547743797302246094e-01
4.591550827026367188e-01
4.578341245651245117e-01
4.613392949104309082e-01
4.612555503845214844e-01
4.633285105228424072e-01
4.579640924930572510e-01
4.591216444969177246e-01
4.674897789955139160e-01
4.642038643360137939e-01
4.576364755630493164e-01
4.602020680904388428e-01
4.740146100521087646e-01
4.651573002338409424e-01
4.578538835048675537e-01
4.624395966529846191e-01
4.666611850261688232e-01
4.701775610446929932e-01
4.736008644104003906e-01
4.675225615501403809e-01
4.764077961444854736e-01
4.783776700496673584e-01
4.761976897716522217e-01
4.704336524009704590e-01
4.792916774749755859e-01
4.768441021442413330e-01
4.766070544719696045e-01
4.801018536090850830e-01
4.812055826187133789e-01
4.756082296371459961e-01
4.725290238857269287e-01
4.787367284297943115e-01
4.761199057102203369e-01
4.780589938163757324e-01
4.755301177501678467e-01
4.887247979640960693e-01
4.850869178771972656e-01
4.782892763614654541e-01
4.851484298706054688e-01
4.914091527462005615e-01
4.853003919124603271e-01
4.901821315288543701e-01
4.983510971069335938e-01
4.955187141895294189e-01
4.960687160491943359e-01
4.874608814716339111e-01
4.902899563312530518e-01
4.964383542537689209e-01
5.002502799034118652e-01
4.911442697048187256e-01
4.984579682350158691e-01
4.998250007629394531e-01
4.962467551231384277e-01
4.935964941978454590e-01
4.983717501163482666e-01
5.074744224548339844e-01
5.050894618034362793e-01
5.053857564926147461e-01
4.974935352802276611e-01
4.991646111011505127e-01
5.033871531486511230e-01
5.035600662231445312e-01
5.162709355354309082e-01
5.060499310493469238e-01
5.033615231513977051e-01
5.079753398895263672e-01
5.062526464462280273e-01
5.055959820747375488e-01
5.046505331993103027e-01
5.106931924819946289e-01
5.108307600021362305e-01
5.133894681930541992e-01
5.101943016052246094e-01
5.162318944931030273e-01
5.126763582229614258e-01
5.144233107566833496e-01
5.145882964134216309e-01
5.162056088447570801e-01
5.208902359008789062e-01
5.228897929191589355e-01
5.218191146850585938e-01
5.118117928504943848e-01
5.097953081130981445e-01
5.222903490066528320e-01
5.169211030006408691e-01
5.128077864646911621e-01
5.202907323837280273e-01
5.225782394409179688e-01
5.202236175537109375e-01
5.237825512886047363e-01
5.243040919303894043e-01
5.181564092636108398e-01
5.153795480728149414e-01
5.193141102790832520e-01
5.255241394042968750e-01
5.371679067611694336e-01
5.302876830101013184e-01
5.197973251342773438e-01
5.275330543518066406e-01
5.286939144134521484e-01
5.287387967109680176e-01
5.316333174705505371e-01
5.302468538284301758e-01
5.312139987945556641e-01
5.336276888847351074e-01
5.367740392684936523e-01
5.353510975837707520e-01
5.347634553909301758e-01
5.329428911209106445e-01
5.328400135040283203e-01
5.340708494186401367e-01
5.346857905387878418e-01
5.361036062240600586e-01
5.392996072769165039e-01
5.384252071380615234e-01
5.398481488227844238e-01
5.381943583488464355e-01
5.417451262474060059e-01
5.414351820945739746e-01
5.389419198036193848e-01
5.451721549034118652e-01
5.503970980644226074e-01
5.512058734893798828e-01
5.448820590972900391e-01
5.487366914749145508e-01
5.521459579467773438e-01
5.520042777061462402e-01
5.431324839591979980e-01
5.516780614852905273e-01
5.551227927207946777e-01
5.514031648635864258e-01
5.554069876670837402e-01
5.591216683387756348e-01
5.516238808631896973e-01
5.569592714309692383e-01
5.600838065147399902e-01
5.522978305816650391e-01
5.603090524673461914e-01
5.639263987541198730e-01
5.614498853683471680e-01
5.683335065841674805e-01
5.663930177688598633e-01
5.638628005981445312e-01
5.579964518547058105e-01
5.643717050552368164e-01
5.702338218688964844e-01
5.710542201995849609e-01
5.641624927520751953e-01
5.652580261230468750e-01
5.666921734809875488e-01
5.714318156242370605e-01
5.681611299514770508e-01
5.742092132568359375e-01
5.725762248039245605e-01
5.642579793930053711e-01
5.641474127769470215e-01
5.694813132286071777e-01
5.795735120773315430e-01
5.730422735214233398e-01
5.654355883598327637e-01
5.738607048988342285e-01
5.717254877090454102e-01
5.701913237571716309e-01
5.774177312850952148e-01
5.771091580390930176e-01
5.768052339553833008e-01
5.875450968742370605e-01
5.774398446083068848e-01
5.774015188217163086e-01
5.866085886955261230e-01
5.807707309722900391e-01
5.695537328720092773e-01
5.796025395393371582e-01
5.777819156646728516e-01
5.777019262313842773e-01
5.800753235816955566e-01
5.783138275146484375e-01
5.763959884643554688e-01
5.744863152503967285e-01
5.750035643577575684e-01
5.773694515228271484e-01
5.823553204536437988e-01
5.794992446899414062e-01
5.785855650901794434e-01
5.807191133499145508e-01
5.860103368759155273e-01
5.834772586822509766e-01
5.767348408699035645e-01
5.834731459617614746e-01
5.893323421478271484e-01
5.901512503623962402e-01
5.897167325019836426e-01
5.929355621337890625e-01
5.898971557617187500e-01
5.824253559112548828e-01
5.935107469558715820e-01
5.999059677124023438e-01
5.972754359245300293e-01
5.921663641929626465e-01
5.912774205207824707e-01
5.945498347282409668e-01
5.949102044105529785e-01
5.987808108329772949e-01
5.998467206954956055e-01
5.988137722015380859e-01
5.992488265037536621e-01
5.946763157844543457e-01
6.018875241279602051e-01
5.994282960891723633e-01
5.936508774757385254e-01
5.989862084388732910e-01
6.037397384643554688e-01
6.019945144653320312e-01
6.111275553703308105e-01
6.017344594001770020e-01
5.993986129760742188e-01
5.974447131156921387e-01
5.928497910499572754e-01
5.962703824043273926e-01
6.048163175582885742e-01
6.119091510772705078e-01
6.150087118148803711e-01
6.118234395980834961e-01
6.070588827133178711e-01
6.089788079261779785e-01
6.130461096763610840e-01
6.160261631011962891e-01
6.071417331695556641e-01
6.101227998733520508e-01
6.160519123077392578e-01
6.171452999114990234e-01
6.137104034423828125e-01
6.136813163757324219e-01
6.154840588569641113e-01
6.140363812446594238e-01
6.174874305725097656e-01
6.129909157752990723e-01
6.147459149360656738e-01
6.175767183303833008e-01
6.098574995994567871e-01
6.133521795272827148e-01
6.162036061286926270e-01
6.206490397453308105e-01
6.243028640747070312e-01
6.205000281333923340e-01
6.128667593002319336e-01
6.187662482261657715e-01
6.187861561775207520e-01
6.212160587310791016e-01
6.224855780601501465e-01
6.186095476150512695e-01
6.258425116539001465e-01
6.234438419342041016e-01
6.113244295120239258e-01
6.173024773597717285e-01
6.252888441085815430e-01
6.220405697822570801e-01
6.216771602630615234e-01
6.240937113761901855e-01
6.267396211624145508e-01
6.262265443801879883e-01
6.236174106597900391e-01
6.293693780899047852e-01
6.301739215850830078e-01
6.268767118453979492e-01
6.184830069541931152e-01
6.271849870681762695e-01
6.283594965934753418e-01
6.227549314498901367e-01
6.270492672920227051e-01
6.313090324401855469e-01
6.239004135131835938e-01
6.275301575660705566e-01
6.302010416984558105e-01
6.259421110153198242e-01
6.308969259262084961e-01
6.269407272338867188e-01
6.269108057022094727e-01
6.324539184570312500e-01
6.335368156433105469e-01
6.301311850547790527e-01
6.328760385513305664e-01
6.327356100082397461e-01
6.353232860565185547e-01
6.312055587768554688e-01
6.291350126266479492e-01
6.403255462646484375e-01
6.382481455802917480e-01
6.274957656860351562e-01
6.343959569931030273e-01
6.408337950706481934e-01
6.438991427421569824e-01
6.408785581588745117e-01
6.353167891502380371e-01
6.369380950927734375e-01
6.363705396652221680e-01
6.359403133392333984e-01
6.429694890975952148e-01
6.459406018257141113e-01
6.418926119804382324e-01
6.397789716720581055e-01
6.416912078857421875e-01
6.403015255928039551e-01
6.341518163681030273e-01
6.426425576210021973e-01
6.452774405479431152e-01
6.368608474731445312e-01
6.449233293533325195e-01
6.483275294303894043e-01
6.462936401367187500e-01
6.454340219497680664e-01
6.464235782623291016e-01
6.515789628028869629e-01
6.503952741622924805e-01
6.390571594238281250e-01
6.432936787605285645e-01
6.522611975669860840e-01
6.503257751464843750e-01
6.483509540557861328e-01
6.501005291938781738e-01
6.490032076835632324e-01
6.452005505561828613e-01
6.455327272415161133e-01
6.522124409675598145e-01
6.472151279449462891e-01
6.565478444099426270e-01
6.563677191734313965e-01
6.540669202804565430e-01
6.522839069366455078e-01
6.556127667427062988e-01
6.566829681396484375e-01
6.494813561439514160e-01
6.482256650924682617e-01
6.561829447746276855e-01
6.532756686210632324e-01
6.557192802429199219e-01
6.558548808097839355e-01
6.545429825782775879e-01
6.542836427688598633e-01
6.595075130462646484e-01
6.542854309082031250e-01
6.565151214599609375e-01
6.572307348251342773e-01
6.618519425392150879e-01
6.563024520874023438e-01
6.580083966255187988e-01
6.636594533920288086e-01
6.638064980506896973e-01
6.587945222854614258e-01
6.558573246002197266e-01
6.596598029136657715e-01
6.613576412200927734e-01
6.638603210449218750e-01
6.620611548423767090e-01
6.587020158767700195e-01
6.613906621932983398e-01
6.660755276679992676e-01
6.626628041267395020e-01
6.614246964454650879e-01
6.636786460876464844e-01
6.667271852493286133e-01
6.634094715118408203e-01
6.649702787399291992e-01
6.625459194183349609e-01
6.644418835639953613e-01
6.658869981765747070e-01
6.636765003204345703e-01
6.637246012687683105e-01
6.705149412155151367e-01
6.712594628334045410e-01
6.742480397224426270e-01
6.665900945663452148e-01
6.619775891304016113e-01
6.677666306495666504e-01
6.707848906517028809e-01
6.756557226181030273e-01
6.748009920120239258e-01
6.678948998451232910e-01
6.700304746627807617e-01
6.789894104003906250e-01
6.707935333251953125e-01
6.694001555442810059e-01
6.789077520370483398e-01
6.705300807952880859e-01
6.783798336982727051e-01
6.761417388916015625e-01
6.755350232124328613e-01
6.770635843276977539e-01
6.721429824829101562e-01
6.721839904785156250e-01
6.705909371376037598e-01
6.788758039474487305e-01
6.815593838691711426e-01
6.786537766456604004e-01
6.785529255867004395e-01
6.890294551849365234e-01
6.788367033004760742e-01
6.727739572525024414e-01
6.780109405517578125e-01
6.789655685424804688e-01
6.847701072692871094e-01
6.817618608474731445e-01
6.834035515785217285e-01
6.867697834968566895e-01
6.828156709671020508e-01
6.799173355102539062e-01
6.792103648185729980e-01
6.793782711029052734e-01
6.790829896926879883e-01
6.815910935401916504e-01
6.828426718711853027e-01
6.830797195434570312e-01
6.798731088638305664e-01
6.787804961204528809e-01
6.873725056648254395e-01
6.812188625335693359e-01
6.859173178672790527e-01
6.865850687026977539e-01
6.794096827507019043e-01
6.821722984313964844e-01
6.931472420692443848e-01
6.850904226303100586e-01
6.848170161247253418e-01
6.874297857284545898e-01
6.859414577484130859e-01
6.870954632759094238e-01
6.767737269401550293e-01
6.882299780845642090e-01
6.901376843452453613e-01
6.833596825599670410e-01
6.887275576591491699e-01
6.904766559600830078e-01
6.904101371765136719e-01
6.880849599838256836e-01
6.892213225364685059e-01
6.889837980270385742e-01
6.912117600440979004e-01
6.892316341400146484e-01
6.914775967597961426e-01
6.880360841751098633e-01
6.907545328140258789e-01
6.941741704940795898e-01
6.962105631828308105e-01
6.924601793289184570e-01
6.953473687171936035e-01
7.027609944343566895e-01
7.024615406990051270e-01
6.986253261566162109e-01
6.972660422325134277e-01
7.010326981544494629e-01
6.935896873474121094e-01
6.975085139274597168e-01
6.941927671432495117e-01
7.020477056503295898e-01
7.024493813514709473e-01
6.996210813522338867e-01
6.982674002647399902e-01
6.996418833732604980e-01
7.001837491989135742e-01
7.015019059181213379e-01
7.024092078208923340e-01
7.000700831413269043e-01
7.036519646644592285e-01
7.061626911163330078e-01
6.988815069198608398e-01
7.085351347923278809e-01
7.066509723663330078e-01
7.071008086204528809e-01
7.084046602249145508e-01
7.017859220504760742e-01
7.010937929153442383e-01
7.094542384147644043e-01
7.104378342628479004e-01
7.124949693679809570e-01
7.097799777984619141e-01
7.054179906845092773e-01
7.065088748931884766e-01
7.116692066192626953e-01
7.122974991798400879e-01
7.092137932777404785e-01
7.058737277984619141e-01
7.050284147262573242e-01
7.081230282783508301e-01
7.127925157546997070e-01
7.070231437683105469e-01
7.085111737251281738e-01
7.103341221809387207e-01
7.066902518272399902e-01
7.086300253868103027e-01
7.074993848800659180e-01
7.116162180900573730e-01
7.087847590446472168e-01
7.117668986320495605e-01
7.158321142196655273e-01
7.183375358581542969e-01
7.157386541366577148e-01
7.152471542358398438e-01
7.198009490966796875e-01
7.175487875938415527e-01
7.170983552932739258e-01
7.160218358039855957e-01
7.210698723793029785e-01
7.247257232666015625e-01
7.161353826522827148e-01
7.157509326934814453e-01
7.146149873733520508e-01
7.167467474937438965e-01
7.127778530120849609e-01
7.188593149185180664e-01
7.212858200073242188e-01
7.230656147003173828e-01
7.175163030624389648e-01
7.191315889358520508e-01
7.221206426620483398e-01
7.187788486480712891e-01
7.144200801849365234e-01
7.199510931968688965e-01
7.214527726173400879e-01
7.174317836761474609e-01
7.158449292182922363e-01
7.212633490562438965e-01
7.198059558868408203e-01
7.118305563926696777e-01
7.085705995559692383e-01
7.237762212753295898e-01
7.292667031288146973e-01
7.261887192726135254e-01
7.159624099731445312e-01
7.234973907470703125e-01
7.226893305778503418e-01
7.153826951980590820e-01
7.153409123420715332e-01
7.243355512619018555e-01
7.268827557563781738e-01
7.209147214889526367e-01
7.299398779869079590e-01
7.320545911788940430e-01
7.314145565032958984e-01
7.293292880058288574e-01
7.238988280296325684e-01
7.215110659599304199e-01
7.279944419860839844e-01
7.297987937927246094e-01
7.265099883079528809e-01
7.290797829627990723e-01
7.279251217842102051e-01
7.278396487236022949e-01
7.232235670089721680e-01
7.273919582366943359e-01
7.285555005073547363e-01
7.279968857765197754e-01
7.300518751144409180e-01
7.304131388664245605e-01
7.293816804885864258e-01
7.262361645698547363e-01
7.275184392929077148e-01
7.253415584564208984e-01
7.260408401489257812e-01
7.262401580810546875e-01
7.289832830429077148e-01
7.279848456382751465e-01
7.256033420562744141e-01
7.282138466835021973e-01
7.272230982780456543e-01
7.273260354995727539e-01
7.332099676132202148e-01
7.338632941246032715e-01
7.407228946685791016e-01
7.369232177734375000e-01
7.378728985786437988e-01
7.364993691444396973e-01
7.339357733726501465e-01
7.395878434181213379e-01
7.429627180099487305e-01
7.380928397178649902e-01
7.401916980743408203e-01
7.481703758239746094e-01
7.423077225685119629e-01
7.421933412551879883e-01
7.386489510536193848e-01
7.377189397811889648e-01
7.396355867385864258e-01
7.414801120758056641e-01
7.465524077415466309e-01
7.427678704261779785e-01
7.391381859779357910e-01
7.411491274833679199e-01
7.421690821647644043e-01
7.358447313308715820e-01
7.433168888092041016e-01
7.479327321052551270e-01
7.415428757667541504e-01
7.446869015693664551e-01
7.431851625442504883e-01
7.461723685264587402e-01
7.424753904342651367e-01
7.429972887039184570e-01
7.449531555175781250e-01
7.464916706085205078e-01
7.520800828933715820e-01
7.474368810653686523e-01
7.432115077972412109e-01
7.509373426437377930e-01
7.488013505935668945e-01
7.397076487541198730e-01
7.539060711860656738e-01
7.511259317398071289e-01
7.427794337272644043e-01
7.538400292396545410e-01
7.499017119407653809e-01
7.472167611122131348e-01
7.449114918708801270e-01
7.528572678565979004e-01
7.451899647712707520e-01
7.451284527778625488e-01
7.506834864616394043e-01
7.524533867835998535e-01
7.547746896743774414e-01
7.468852996826171875e-01
7.463186383247375488e-01
7.514057159423828125e-01
7.446098923683166504e-01
7.396799921989440918e-01
7.511292695999145508e-01
7.494692802429199219e-01
7.514796257019042969e-01
7.564014792442321777e-01
7.533068656921386719e-01
7.549049854278564453e-01
7.558411955833435059e-01
7.513973116874694824e-01
7.562700510025024414e-01
7.568343877792358398e-01
7.593531012535095215e-01
7.598202228546142578e-01
7.569857835769653320e-01
7.554532289505004883e-01
7.551523447036743164e-01
7.612468600273132324e-01
7.579073309898376465e-01
7.558494210243225098e-01
7.612386941909790039e-01
7.579313516616821289e-01
7.630787491798400879e-01
7.553358078002929688e-01
7.548563480377197266e-01
7.565554380416870117e-01
7.591510415077209473e-01
7.596943974494934082e-01
7.551029920578002930e-01
7.550550103187561035e-01
7.573238015174865723e-01
7.599732279777526855e-01
7.555984854698181152e-01
7.524799108505249023e-01
7.586929202079772949e-01
7.611812353134155273e-01
7.544648647308349609e-01
7.626703381538391113e-01
7.636796236038208008e-01
7.550877332687377930e-01
7.653841972351074219e-01
7.584040164947509766e-01
7.640697360038757324e-01
