4.040679180139505888e-10
1.388237625360488892e-01
2.564862072467803955e-01
3.041148781776428223e-01
3.153858780860900879e-01
3.081657588481903076e-01
2.935954630374908447e-01
2.801572680473327637e-01
2.809312939643859863e-01
2.864076793193817139e-01
2.943141758441925049e-01
2.928594350814819336e-01
2.957906424999237061e-01
2.944982349872589111e-01
2.881819605827331543e-01
2.842603325843811035e-01
2.810805737972259521e-01
2.882756590843200684e-01
3.048124909400939941e-01
3.162388205528259277e-01
3.137166202068328857e-01
3.152407705783843994e-01
3.186146020889282227e-01
3.182144463062286377e-01
3.302904963493347168e-01
3.380278646945953369e-01
3.282363414764404297e-01
3.369124829769134521e-01
3.494762778282165527e-01
3.544051945209503174e-01
3.456342220306396484e-01
3.546231091022491455e-01
3.626071810722351074e-01
3.655338287353515625e-01
3.608378767967224121e-01
3.741701543331146240e-01
3.728192746639251709e-01
3.728682994842529297e-01
3.791539669036865234e-01
3.895484209060668945e-01
3.851321041584014893e-01
3.841494023799896240e-01
3.779386878013610840e-01
3.868918120861053467e-01
3.984398543834686279e-01
3.903438746929168701e-01
3.875532150268554688e-01
3.905714452266693115e-01
3.893088102340698242e-01
4.003251492977142334e-01
3.987998962402343750e-01
4.047134816646575928e-01
4.088528454303741455e-01
4.012320637702941895e-01
4.018385708332061768e-01
4.028919935226440430e-01
4.092884361743927002e-01
4.078931808471679688e-01
4.115591347217559814e-01
4.106493592262268066e-01
4.159715473651885986e-01
4.164504408836364746e-01
4.104520082473754883e-01
4.109350144863128662e-01
4.254168570041656494e-01
4.207793772220611572e-01
4.095122516155242920e-01
4.240490496158599854e-01
4.220994114875793457e-01
4.149436354637145996e-01
4.244830310344696045e-01
4.305119216442108154e-01
4.331542253494262695e-01
4.232530593872070312e-01
4.241145551204681396e-01
4.316453039646148682e-01
4.363796412944793701e-01
4.325208961963653564e-01
4.285013377666473389e-01
4.316970109939575195e-01
4.366141557693481445e-01
4.404058754444122314e-01
4.468830525875091553e-01
4.363772571086883545e-01
4.349257946014404297e-01
4.360701739788055420e-01
4.361393749713897705e-01
4.446765184402465820e-01
4.454933404922485352e-01
4.493425786495208740e-01
4.479429423809051514e-01
4.460322856903076172e-01
4.486337602138519287e-01
4.478940367698669434e-01
4.556184709072113037e-01
4.491777420043945312e-01
4.446505606174468994e-01
4.536318182945251465e-01
4.567416608333587646e-01
4.550262987613677979e-01
4.447259902954101562e-01
4.496205747127532959e-01
4.578016996383666992e-01
4.549970924854278564e-01
4.556322097778320312e-01
4.531472027301788330e-01
4.567304551601409912e-01
4.470070898532867432e-01
4.578512907028198242e-01
4.642062187194824219e-01
4.563290178775787354e-01
4.597428143024444580e-01
4.652411043643951416e-01
4.542508125305175781e-01
4.640732705593109131e-01
4.697880446910858154e-01
4.648452699184417725e-01
4.721073508262634277e-01
4.688051044940948486e-01
4.682015478610992432e-01
4.690002799034118652e-01
4.747595489025115967e-01
4.681432545185089111e-01
4.710727632045745850e-01
4.790607690811157227e-01
4.752112030982971191e-01
4.753770232200622559e-01
4.816186726093292236e-01
4.751753211021423340e-01
4.738188385963439941e-01
4.764142930507659912e-01
4.769528806209564209e-01
4.792699813842773438e-01
4.788953661918640137e-01
4.869514107704162598e-01
4.793204069137573242e-01
4.760198891162872314e-01
4.859953224658966064e-01
4.880492985248565674e-01
4.839244484901428223e-01
4.788844883441925049e-01
4.814878106117248535e-01
4.869897067546844482e-01
4.896576106548309326e-01
4.922334849834442139e-01
4.879275262355804443e-01
4.865327477455139160e-01
4.887493848800659180e-01
4.899960458278656006e-01
4.876988232135772705e-01
4.860191643238067627e-01
4.938328862190246582e-01
4.982308447360992432e-01
4.900935590267181396e-01
4.891347885131835938e-01
4.950051307678222656e-01
4.971815645694732666e-01
5.029336810111999512e-01
4.938611984252929688e-01
4.928565025329589844e-01
5.006083250045776367e-01
5.030421018600463867e-01
5.001199841499328613e-01
5.031613111495971680e-01
5.025271773338317871e-01
5.011752247810363770e-01
5.057994127273559570e-01
5.051640272140502930e-01
5.015425086021423340e-01
4.977133572101593018e-01
5.046863555908203125e-01
5.082249045372009277e-01
5.081248879432678223e-01
5.038402080535888672e-01
5.112883448600769043e-01
5.135328769683837891e-01
5.119725465774536133e-01
4.998081922531127930e-01
5.042295455932617188e-01
5.102105736732482910e-01
5.129265189170837402e-01
5.017073154449462891e-01
5.070684552192687988e-01
5.082194209098815918e-01
5.041149258613586426e-01
5.111999511718750000e-01
5.139040350914001465e-01
5.187957882881164551e-01
5.087682008743286133e-01
5.115853548049926758e-01
5.108028054237365723e-01
5.154956579208374023e-01
5.215986967086791992e-01
5.152768492698669434e-01
5.107188820838928223e-01
5.205394625663757324e-01
5.150336623191833496e-01
5.128830075263977051e-01
5.087413191795349121e-01
5.146359205245971680e-01
5.206170082092285156e-01
5.160380601882934570e-01
5.184634327888488770e-01
5.265973210334777832e-01
5.279473066329956055e-01
5.106160044670104980e-01
5.180968642234802246e-01
5.287497043609619141e-01
5.234727263450622559e-01
5.252446532249450684e-01
5.214888453483581543e-01
5.184782147407531738e-01
5.285205245018005371e-01
5.258730053901672363e-01
5.245546102523803711e-01
5.296719074249267578e-01
5.319458842277526855e-01
5.320125818252563477e-01
5.355156660079956055e-01
5.352356433868408203e-01
5.318803787231445312e-01
5.307421088218688965e-01
5.326694250106811523e-01
5.382601618766784668e-01
5.374602675437927246e-01
5.396362543106079102e-01
5.384823679924011230e-01
5.355736613273620605e-01
5.307078361511230469e-01
5.328353643417358398e-01
5.338084101676940918e-01
5.396651625633239746e-01
5.415967702865600586e-01
5.445690155029296875e-01
5.342084169387817383e-01
5.396529436111450195e-01
5.438089370727539062e-01
5.410478711128234863e-01
5.350942015647888184e-01
5.431740880012512207e-01
5.413043498992919922e-01
5.406862497329711914e-01
5.390260219573974609e-01
5.332335829734802246e-01
5.410639643669128418e-01
5.462436676025390625e-01
5.414901375770568848e-01
5.443133711814880371e-01
5.440297126770019531e-01
5.449942946434020996e-01
5.423914194107055664e-01
5.441631674766540527e-01
5.529109239578247070e-01
5.482686161994934082e-01
5.444729328155517578e-01
5.477249622344970703e-01
5.459860563278198242e-01
5.511616468429565430e-01
5.540575981140136719e-01
5.547460913658142090e-01
5.571327209472656250e-01
5.557202100753784180e-01
5.480439066886901855e-01
5.550047755241394043e-01
5.560253262519836426e-01
5.581850409507751465e-01
5.537431240081787109e-01
5.619571805000305176e-01
5.623463988304138184e-01
5.571098327636718750e-01
5.521585941314697266e-01
5.533869266510009766e-01
5.541999936103820801e-01
5.512037277221679688e-01
5.544626712799072266e-01
5.668134093284606934e-01
5.621349215507507324e-01
5.606887936592102051e-01
5.623952746391296387e-01
5.630220174789428711e-01
5.604351162910461426e-01
5.605142116546630859e-01
5.631681084632873535e-01
5.681800842285156250e-01
5.671808719635009766e-01
5.698777437210083008e-01
5.711669325828552246e-01
5.638043284416198730e-01
5.685333609580993652e-01
5.663098692893981934e-01
5.738807320594787598e-01
5.679567456245422363e-01
5.660082697868347168e-01
5.684351325035095215e-01
5.751250982284545898e-01
5.747406482696533203e-01
5.710920095443725586e-01
5.698159933090209961e-01
5.750226974487304688e-01
5.692831277847290039e-01
5.679684877395629883e-01
5.748484134674072266e-01
5.759680271148681641e-01
5.787443518638610840e-01
5.808295607566833496e-01
5.780061483383178711e-01
5.678947567939758301e-01
5.852714180946350098e-01
5.768157243728637695e-01
5.722212791442871094e-01
5.812274217605590820e-01
5.899897217750549316e-01
5.806842446327209473e-01
5.805661678314208984e-01
5.811122655868530273e-01
5.788434147834777832e-01
5.813801288604736328e-01
5.800370573997497559e-01
5.855599641799926758e-01
5.836301445960998535e-01
5.851854681968688965e-01
5.853129625320434570e-01
5.766184926033020020e-01
5.829219818115234375e-01
5.887459516525268555e-01
5.876633524894714355e-01
5.855820775032043457e-01
5.768176913261413574e-01
5.817274451255798340e-01
5.826637744903564453e-01
5.871409773826599121e-01
5.877942442893981934e-01
5.851497650146484375e-01
5.837041735649108887e-01
5.942386388778686523e-01
5.887876152992248535e-01
5.829752683639526367e-01
5.910462737083435059e-01
5.900229215621948242e-01
5.933550000190734863e-01
5.909253954887390137e-01
5.937778949737548828e-01
5.951360464096069336e-01
5.917663574218750000e-01
5.860528349876403809e-01
5.905925035476684570e-01
5.931410789489746094e-01
5.946407318115234375e-01
5.947494506835937500e-01
5.914992094039916992e-01
5.980685949325561523e-01
6.017059087753295898e-01
5.950157642364501953e-01
5.919158458709716797e-01
5.972416400909423828e-01
5.968966484069824219e-01
5.968966484069824219e-01
5.977642536163330078e-01
6.033576726913452148e-01
6.005818247795104980e-01
5.999401211738586426e-01
6.006620526313781738e-01
5.960435867309570312e-01
5.963234305381774902e-01
6.060457229614257812e-01
6.064131855964660645e-01
6.061685085296630859e-01
6.042565703392028809e-01
6.047251224517822266e-01
6.020485758781433105e-01
6.014522314071655273e-01
6.066425442695617676e-01
6.083243489265441895e-01
6.040538549423217773e-01
6.057224273681640625e-01
6.092424988746643066e-01
6.038675308227539062e-01
6.046875715255737305e-01
6.087974905967712402e-01
6.054219603538513184e-01
6.043379306793212891e-01
6.045814156532287598e-01
6.036890745162963867e-01
6.076254248619079590e-01
6.144818067550659180e-01
6.110019683837890625e-01
6.051416397094726562e-01
6.120548844337463379e-01
6.118822097778320312e-01
6.147067546844482422e-01
6.127166152000427246e-01
6.077761054039001465e-01
6.146185398101806641e-01
6.132377386093139648e-01
6.069846749305725098e-01
6.119998693466186523e-01
6.084208488464355469e-01
6.144078373908996582e-01
6.098133921623229980e-01
6.045786738395690918e-01
6.100081205368041992e-01
6.151030659675598145e-01
6.130539774894714355e-01
6.093044877052307129e-01
6.150560975074768066e-01
6.188035607337951660e-01
6.203969717025756836e-01
6.198760271072387695e-01
6.235077977180480957e-01
6.176360845565795898e-01
6.141531467437744141e-01
6.176642775535583496e-01
6.192495822906494141e-01
6.244146823883056641e-01
6.269930601119995117e-01
6.207712888717651367e-01
6.200903058052062988e-01
6.220940947532653809e-01
6.188395023345947266e-01
6.257143020629882812e-01
6.199942827224731445e-01
6.201219558715820312e-01
6.268684864044189453e-01
6.282488107681274414e-01
6.219387054443359375e-01
6.240685582160949707e-01
6.195582151412963867e-01
6.279621720314025879e-01
6.287672519683837891e-01
6.264372467994689941e-01
6.328354477882385254e-01
6.283710598945617676e-01
6.270040869712829590e-01
6.306689977645874023e-01
6.352604031562805176e-01
6.278632879257202148e-01
6.325579881668090820e-01
6.312046647071838379e-01
6.351676583290100098e-01
6.355632543563842773e-01
6.304587125778198242e-01
6.300066113471984863e-01
6.354808211326599121e-01
6.329191923141479492e-01
6.338663101196289062e-01
6.364853382110595703e-01
6.372202634811401367e-01
6.352275013923645020e-01
6.371567249298095703e-01
6.343877911567687988e-01
6.369978785514831543e-01
6.367008686065673828e-01
6.346386671066284180e-01
6.334832906723022461e-01
6.355209350585937500e-01
6.356171965599060059e-01
6.374756097793579102e-01
6.409016251564025879e-01
6.373752355575561523e-01
6.375435590744018555e-01
6.341733336448669434e-01
6.303555965423583984e-01
6.334308981895446777e-01
6.405243277549743652e-01
6.402610540390014648e-01
6.307389140129089355e-01
6.376026272773742676e-01
6.386593580245971680e-01
6.369546055793762207e-01
6.317344307899475098e-01
6.379305124282836914e-01
6.398468017578125000e-01
6.355099081993103027e-01
6.408568620681762695e-01
6.381673812866210938e-01
6.353961229324340820e-01
6.355675458908081055e-01
6.344881057739257812e-01
6.392203569412231445e-01
6.419996023178100586e-01
6.375174522399902344e-01
6.394519805908203125e-01
6.435353755950927734e-01
6.451524496078491211e-01
6.366168260574340820e-01
6.377094984054565430e-01
6.447883248329162598e-01
6.457976102828979492e-01
6.410509943962097168e-01
6.446218490600585938e-01
6.488896012306213379e-01
6.447018384933471680e-01
6.419110894203186035e-01
6.432465910911560059e-01
6.515865921974182129e-01
6.391696929931640625e-01
6.382620334625244141e-01
6.437391638755798340e-01
6.397269964218139648e-01
6.419337391853332520e-01
6.457164883613586426e-01
6.395230293273925781e-01
6.397623419761657715e-01
6.458323597908020020e-01
6.457266807556152344e-01
6.478249430656433105e-01
6.397721171379089355e-01
6.409549713134765625e-01
6.450835466384887695e-01
6.431514620780944824e-01
6.409897208213806152e-01
6.490091681480407715e-01
6.498720645904541016e-01
6.436920166015625000e-01
6.448433399200439453e-01
6.488718390464782715e-01
6.497486233711242676e-01
6.465236544609069824e-01
6.459204554557800293e-01
6.476239562034606934e-01
6.476513743400573730e-01
6.476729512214660645e-01
6.498606801033020020e-01
6.498683094978332520e-01
6.503020524978637695e-01
6.472024917602539062e-01
6.494718790054321289e-01
6.518723368644714355e-01
6.478646993637084961e-01
6.553450822830200195e-01
6.561807394027709961e-01
6.511362791061401367e-01
6.578408479690551758e-01
6.599088311195373535e-01
6.571440696716308594e-01
6.513410806655883789e-01
6.490239500999450684e-01
6.549159884452819824e-01
6.638266444206237793e-01
6.637590527534484863e-01
6.605695486068725586e-01
6.567692160606384277e-01
6.554200053215026855e-01
6.558824181556701660e-01
6.577749252319335938e-01
6.620854139328002930e-01
6.670039296150207520e-01
6.586069464683532715e-01
6.528608798980712891e-01
6.660938858985900879e-01
6.593611836433410645e-01
6.555886864662170410e-01
6.610248684883117676e-01
6.630693674087524414e-01
6.644541621208190918e-01
6.627791523933410645e-01
6.612496972084045410e-01
6.575744748115539551e-01
6.591781973838806152e-01
6.652837991714477539e-01
6.636225581169128418e-01
6.623396873474121094e-01
6.640895009040832520e-01
6.672930717468261719e-01
6.605281829833984375e-01
6.649467945098876953e-01
6.656020283699035645e-01
6.688011288642883301e-01
6.692241430282592773e-01
6.644402742385864258e-01
6.675471067428588867e-01
6.649317145347595215e-01
6.655273437500000000e-01
6.695097684860229492e-01
6.718116402626037598e-01
6.708211302757263184e-01
6.700497865676879883e-01
6.638053059577941895e-01
6.804306507110595703e-01
6.771531701087951660e-01
6.698244214057922363e-01
6.705069541931152344e-01
6.650211215019226074e-01
6.632925271987915039e-01
6.706676483154296875e-01
6.704507470130920410e-01
6.797549128532409668e-01
6.742864251136779785e-01
6.660535335540771484e-01
6.694285273551940918e-01
6.701129078865051270e-01
6.726794242858886719e-01
6.748982667922973633e-01
6.754943132400512695e-01
6.758909225463867188e-01
6.675094366073608398e-01
6.734852194786071777e-01
6.724853515625000000e-01
6.757134199142456055e-01
6.749435067176818848e-01
6.719455718994140625e-01
6.678746938705444336e-01
6.704087853431701660e-01
6.729384660720825195e-01
6.680346727371215820e-01
6.744788885116577148e-01
6.793186664581298828e-01
6.686772108078002930e-01
6.731597185134887695e-01
6.753600239753723145e-01
6.726474761962890625e-01
6.726772785186767578e-01
6.744844913482666016e-01
6.778807640075683594e-01
6.768158674240112305e-01
6.754907965660095215e-01
6.774911284446716309e-01
6.737644672393798828e-01
6.755243539810180664e-01
6.767058372497558594e-01
6.741756200790405273e-01
6.781796813011169434e-01
6.829403042793273926e-01
6.743483543395996094e-01
6.809173226356506348e-01
6.814463734626770020e-01
6.746339797973632812e-01
6.770002841949462891e-01
6.812300682067871094e-01
6.819782257080078125e-01
6.883711814880371094e-01
6.847482919692993164e-01
6.818581819534301758e-01
6.812561750411987305e-01
6.820698976516723633e-01
6.845352649688720703e-01
6.822016239166259766e-01
6.836384534835815430e-01
6.774035692214965820e-01
6.819651722908020020e-01
6.790140271186828613e-01
6.800941228866577148e-01
6.781330704689025879e-01
6.696252822875976562e-01
6.790339350700378418e-01
6.845552921295166016e-01
6.767723560333251953e-01
6.685579419136047363e-01
6.809559464454650879e-01
6.851902604103088379e-01
6.825184226036071777e-01
6.716565489768981934e-01
6.868891716003417969e-01
6.837592720985412598e-01
6.822663545608520508e-01
6.837104558944702148e-01
6.842837929725646973e-01
6.874941587448120117e-01
6.866651177406311035e-01
6.838859915733337402e-01
6.830756068229675293e-01
6.833982467651367188e-01
6.878569722175598145e-01
6.845848560333251953e-01
6.923308372497558594e-01
6.910030245780944824e-01
6.962244510650634766e-01
6.887817382812500000e-01
6.879826784133911133e-01
6.939373612403869629e-01
6.976630091667175293e-01
6.913416981697082520e-01
6.897964477539062500e-01
6.912869811058044434e-01
6.921350955963134766e-01
6.885026693344116211e-01
6.928937435150146484e-01
6.999171376228332520e-01
6.985672116279602051e-01
6.975724697113037109e-01
6.939220428466796875e-01
6.955940723419189453e-01
6.929084062576293945e-01
6.919534802436828613e-01
6.976256370544433594e-01
6.985176801681518555e-01
6.963502168655395508e-01
6.929275989532470703e-01
6.928619146347045898e-01
6.909457445144653320e-01
6.940519809722900391e-01
6.919729709625244141e-01
6.945586204528808594e-01
6.983210444450378418e-01
6.905853152275085449e-01
6.961750388145446777e-01
7.016770243644714355e-01
6.916813254356384277e-01
6.969134211540222168e-01
6.967692971229553223e-01
6.932712197303771973e-01
7.017654776573181152e-01
7.002549767494201660e-01
6.946390867233276367e-01
6.982319355010986328e-01
7.003771066665649414e-01
7.024737596511840820e-01
6.961370706558227539e-01
6.925216317176818848e-01
6.958583593368530273e-01
6.999473571777343750e-01
7.025122642517089844e-01
7.016482949256896973e-01
7.015114426612854004e-01
7.004892826080322266e-01
6.967229247093200684e-01
6.928905248641967773e-01
6.977509856224060059e-01
7.039683461189270020e-01
7.048929333686828613e-01
7.040345668792724609e-01
7.052202224731445312e-01
7.016503214836120605e-01
7.008597254753112793e-01
7.031389474868774414e-01
7.097724080085754395e-01
7.061023712158203125e-01
7.039253711700439453e-01
7.064305543899536133e-01
7.079513669013977051e-01
7.124040126800537109e-01
7.109342813491821289e-01
7.089104056358337402e-01
7.099562883377075195e-01
7.122130990028381348e-01
7.076755166053771973e-01
7.083092927932739258e-01
7.119997143745422363e-01
7.115912437438964844e-01
7.065800428390502930e-01
7.098000049591064453e-01
7.107378840446472168e-01
7.111397385597229004e-01
7.128546833992004395e-01
7.150825858116149902e-01
7.110069990158081055e-01
7.126975655555725098e-01
7.183844447135925293e-01
7.118214368820190430e-01
7.108553647994995117e-01
7.123814821243286133e-01
7.117623090744018555e-01
7.089852094650268555e-01
7.148798704147338867e-01
7.176102399826049805e-01
7.070075273513793945e-01
7.081173062324523926e-01
7.113155722618103027e-01
7.136500477790832520e-01
7.173640131950378418e-01
7.132071256637573242e-01
