4.040679180139505888e-10
1.391738653182983398e-01
2.576641440391540527e-01
3.045648038387298584e-01
3.177712261676788330e-01
3.106831014156341553e-01
2.943767607212066650e-01
2.813567221164703369e-01
2.823224961757659912e-01
2.857226133346557617e-01
2.931256890296936035e-01
2.902370393276214600e-01
2.903592884540557861e-01
2.936671674251556396e-01
2.930429577827453613e-01
2.947230935096740723e-01
2.903501391410827637e-01
2.915927767753601074e-01
3.036834299564361572e-01
3.173801302909851074e-01
3.152793347835540771e-01
3.150076270103454590e-01
3.247510194778442383e-01
3.246364593505859375e-01
3.337326347827911377e-01
3.470780551433563232e-01
3.341408073902130127e-01
3.375262618064880371e-01
3.551996648311614990e-01
3.610665500164031982e-01
3.522443175315856934e-01
3.521143198013305664e-01
3.620651960372924805e-01
3.740127384662628174e-01
3.710370063781738281e-01
3.800445497035980225e-01
3.829864561557769775e-01
3.741136193275451660e-01
3.749475777149200439e-01
3.872447907924652100e-01
3.885674476623535156e-01
3.906481564044952393e-01
3.901525139808654785e-01
3.923560678958892822e-01
4.020533561706542969e-01
3.981032967567443848e-01
3.946515917778015137e-01
4.066526293754577637e-01
4.028598666191101074e-01
4.074124693870544434e-01
4.006716310977935791e-01
4.059129655361175537e-01
4.061926305294036865e-01
4.096024334430694580e-01
4.055736958980560303e-01
4.071604013442993164e-01
4.130565822124481201e-01
4.164292514324188232e-01
4.194756746292114258e-01
4.154381155967712402e-01
4.166068136692047119e-01
4.183059334754943848e-01
4.136976003646850586e-01
4.152828156948089600e-01
4.264569878578186035e-01
4.223628938198089600e-01
4.198083877563476562e-01
4.251095950603485107e-01
4.243427217006683350e-01
4.323122203350067139e-01
4.325673580169677734e-01
4.303503632545471191e-01
4.328159093856811523e-01
4.430089592933654785e-01
4.400570988655090332e-01
4.339827001094818115e-01
4.381601512432098389e-01
4.381368458271026611e-01
4.327110946178436279e-01
4.418415427207946777e-01
4.466405808925628662e-01
4.484623372554779053e-01
4.478057622909545898e-01
4.476139247417449951e-01
4.518050551414489746e-01
4.519819617271423340e-01
4.499002695083618164e-01
4.553657770156860352e-01
4.524993002414703369e-01
4.578669667243957520e-01
4.598915874958038330e-01
4.620414972305297852e-01
4.523807764053344727e-01
4.534932076930999756e-01
4.572152495384216309e-01
4.608341753482818604e-01
4.616262614727020264e-01
4.644255638122558594e-01
4.564822018146514893e-01
4.650409519672393799e-01
4.689242839813232422e-01
4.719092547893524170e-01
4.719099998474121094e-01
4.661122858524322510e-01
4.659600853919982910e-01
4.715673625469207764e-01
4.679293632507324219e-01
4.709874689579010010e-01
4.734753072261810303e-01
4.791128337383270264e-01
4.728339612483978271e-01
4.777385890483856201e-01
4.804179668426513672e-01
4.753369390964508057e-01
4.785168468952178955e-01
4.812355637550354004e-01
4.825085997581481934e-01
4.851625263690948486e-01
4.897471070289611816e-01
4.885530471801757812e-01
4.846206903457641602e-01
4.917401671409606934e-01
4.865772128105163574e-01
4.949560761451721191e-01
4.988379180431365967e-01
4.962674081325531006e-01
4.896416664123535156e-01
4.964435398578643799e-01
4.966044127941131592e-01
4.952074587345123291e-01
4.971396923065185547e-01
4.852799475193023682e-01
4.935491979122161865e-01
4.943889081478118896e-01
4.993821084499359131e-01
4.998201727867126465e-01
4.937273561954498291e-01
4.979228973388671875e-01
5.011651515960693359e-01
5.037220120429992676e-01
5.048499107360839844e-01
5.057510137557983398e-01
5.094771385192871094e-01
5.138494968414306641e-01
5.115013718605041504e-01
5.147933363914489746e-01
5.063648819923400879e-01
5.061565637588500977e-01
5.160483717918395996e-01
5.157369971275329590e-01
5.179359316825866699e-01
5.157139301300048828e-01
5.177535414695739746e-01
5.161448121070861816e-01
5.205202102661132812e-01
5.180954933166503906e-01
5.202193260192871094e-01
5.310745239257812500e-01
5.253118872642517090e-01
5.212973356246948242e-01
5.293093919754028320e-01
5.287719964981079102e-01
5.268814563751220703e-01
5.333182811737060547e-01
5.286739468574523926e-01
5.339528322219848633e-01
5.355794429779052734e-01
5.324313044548034668e-01
5.247996449470520020e-01
5.360563397407531738e-01
5.445620417594909668e-01
5.394248366355895996e-01
5.399212241172790527e-01
5.359084606170654297e-01
5.332917571067810059e-01
5.392535924911499023e-01
5.398799180984497070e-01
5.455743074417114258e-01
5.477216243743896484e-01
5.455069541931152344e-01
5.401016473770141602e-01
5.463625192642211914e-01
5.436455011367797852e-01
5.450929999351501465e-01
5.461778640747070312e-01
5.530729293823242188e-01
5.505862236022949219e-01
5.506523847579956055e-01
5.494661331176757812e-01
5.544227361679077148e-01
5.517047047615051270e-01
5.549390912055969238e-01
5.537939071655273438e-01
5.552578568458557129e-01
5.609771609306335449e-01
5.585209727287292480e-01
5.603597164154052734e-01
5.593842864036560059e-01
5.541404485702514648e-01
5.576432347297668457e-01
5.587995648384094238e-01
5.638616681098937988e-01
5.638874769210815430e-01
5.627321004867553711e-01
5.627041459083557129e-01
5.677564144134521484e-01
5.687014460563659668e-01
5.688828825950622559e-01
5.696401000022888184e-01
5.761836767196655273e-01
5.736128091812133789e-01
5.733737945556640625e-01
5.706375241279602051e-01
5.710705518722534180e-01
5.761679410934448242e-01
5.743095874786376953e-01
5.740956664085388184e-01
5.675520896911621094e-01
5.727185606956481934e-01
5.785976052284240723e-01
5.812451243400573730e-01
5.729267001152038574e-01
5.706081390380859375e-01
5.775266289710998535e-01
5.812478661537170410e-01
5.683568716049194336e-01
5.778653621673583984e-01
5.878146886825561523e-01
5.819944143295288086e-01
5.728676319122314453e-01
5.772248506546020508e-01
5.803430080413818359e-01
5.798981189727783203e-01
5.812891125679016113e-01
5.803630948066711426e-01
5.852261781692504883e-01
5.846106410026550293e-01
5.814949870109558105e-01
5.921508073806762695e-01
5.911536812782287598e-01
5.869219303131103516e-01
5.868906974792480469e-01
5.867801308631896973e-01
5.845322012901306152e-01
5.935435295104980469e-01
5.997672677040100098e-01
5.957023501396179199e-01
5.955337882041931152e-01
5.971082448959350586e-01
5.946121811866760254e-01
5.913628935813903809e-01
5.929665565490722656e-01
5.958517193794250488e-01
5.934525132179260254e-01
5.982626676559448242e-01
5.962792634963989258e-01
5.999889373779296875e-01
6.041629910469055176e-01
6.035837531089782715e-01
6.040791273117065430e-01
6.015428900718688965e-01
6.088026762008666992e-01
6.076895594596862793e-01
6.091315150260925293e-01
6.100344657897949219e-01
6.155846118927001953e-01
6.117367744445800781e-01
6.088013052940368652e-01
6.099579930305480957e-01
6.174668073654174805e-01
6.097920536994934082e-01
6.168799996376037598e-01
6.216734051704406738e-01
6.090883016586303711e-01
6.133441925048828125e-01
6.146314740180969238e-01
6.191005110740661621e-01
6.243567466735839844e-01
6.109075546264648438e-01
6.170214414596557617e-01
6.276521682739257812e-01
6.241492033004760742e-01
6.135986447334289551e-01
6.218932867050170898e-01
6.317957639694213867e-01
6.283797621726989746e-01
6.256057024002075195e-01
6.223013401031494141e-01
6.293579339981079102e-01
6.368642449378967285e-01
6.319889426231384277e-01
6.342282891273498535e-01
6.265430450439453125e-01
6.314736604690551758e-01
6.355363726615905762e-01
6.314035058021545410e-01
6.322209835052490234e-01
6.382759809494018555e-01
6.327586174011230469e-01
6.360166072845458984e-01
6.351371407508850098e-01
6.422203779220581055e-01
6.401550769805908203e-01
6.363061070442199707e-01
6.420122385025024414e-01
6.433746814727783203e-01
6.361481547355651855e-01
6.431471705436706543e-01
6.351155638694763184e-01
6.380010247230529785e-01
6.483559012413024902e-01
6.479660868644714355e-01
6.418343186378479004e-01
6.409953236579895020e-01
6.380202770233154297e-01
6.434138417243957520e-01
6.451648473739624023e-01
6.519367694854736328e-01
6.567752957344055176e-01
6.472235918045043945e-01
6.504701972007751465e-01
6.501403450965881348e-01
6.412825584411621094e-01
6.408466696739196777e-01
6.565712094306945801e-01
6.574494242668151855e-01
6.511982679367065430e-01
6.545802354812622070e-01
6.522402167320251465e-01
6.528228521347045898e-01
6.589508056640625000e-01
6.569312214851379395e-01
6.583293080329895020e-01
6.629494428634643555e-01
6.586025357246398926e-01
6.531248092651367188e-01
6.573716402053833008e-01
6.624302268028259277e-01
6.612195968627929688e-01
6.549680233001708984e-01
6.574313044548034668e-01
6.587560176849365234e-01
6.671369075775146484e-01
6.729050874710083008e-01
6.652852296829223633e-01
6.657012701034545898e-01
6.639207601547241211e-01
6.678400039672851562e-01
6.648625731468200684e-01
6.635981798171997070e-01
6.638881564140319824e-01
6.617838144302368164e-01
6.668148636817932129e-01
6.709170341491699219e-01
6.659383177757263184e-01
6.614208817481994629e-01
6.616615653038024902e-01
6.696984171867370605e-01
6.719176173210144043e-01
6.661361455917358398e-01
6.730349063873291016e-01
6.755723953247070312e-01
6.721302866935729980e-01
6.687854528427124023e-01
6.696388721466064453e-01
6.780671477317810059e-01
6.729305982589721680e-01
6.740792989730834961e-01
6.834229826927185059e-01
6.765894293785095215e-01
6.755621433258056641e-01
6.797729134559631348e-01
6.846077442169189453e-01
6.764078140258789062e-01
6.797341108322143555e-01
6.838204264640808105e-01
6.837840676307678223e-01
6.800540089607238770e-01
6.844331026077270508e-01
6.833696365356445312e-01
6.797071695327758789e-01
6.881012320518493652e-01
6.827959418296813965e-01
6.867769360542297363e-01
6.904433965682983398e-01
6.938875913619995117e-01
6.817582845687866211e-01
6.830835342407226562e-01
6.879566311836242676e-01
6.892498731613159180e-01
6.904509067535400391e-01
6.876644492149353027e-01
6.951254606246948242e-01
6.947917938232421875e-01
6.864670515060424805e-01
6.904957294464111328e-01
6.919420361518859863e-01
6.932534575462341309e-01
6.944676041603088379e-01
6.926886439323425293e-01
6.910122036933898926e-01
6.972659230232238770e-01
6.908963918685913086e-01
6.928128600120544434e-01
6.873317360877990723e-01
6.905025839805603027e-01
6.935740709304809570e-01
6.977167129516601562e-01
6.989484429359436035e-01
6.924780607223510742e-01
6.944906711578369141e-01
6.924511790275573730e-01
6.901556253433227539e-01
6.907029747962951660e-01
6.988736391067504883e-01
6.980414986610412598e-01
7.005686759948730469e-01
6.923278570175170898e-01
6.995183229446411133e-01
7.065971493721008301e-01
7.030244469642639160e-01
7.056518197059631348e-01
7.036778926849365234e-01
7.108342051506042480e-01
7.123291492462158203e-01
7.103760838508605957e-01
6.986856460571289062e-01
7.084254026412963867e-01
7.119089365005493164e-01
7.099335193634033203e-01
7.125572562217712402e-01
7.048164010047912598e-01
7.116513848304748535e-01
7.160443067550659180e-01
7.104138135910034180e-01
7.113939523696899414e-01
7.180807590484619141e-01
7.148432135581970215e-01
7.146426439285278320e-01
7.097797393798828125e-01
7.113844156265258789e-01
7.141244411468505859e-01
7.172290086746215820e-01
7.145353555679321289e-01
7.122001647949218750e-01
7.196485996246337891e-01
7.213857173919677734e-01
7.184742689132690430e-01
7.181465029716491699e-01
7.169352769851684570e-01
7.164279818534851074e-01
7.243446111679077148e-01
7.163162231445312500e-01
7.166193723678588867e-01
7.205274105072021484e-01
7.265900969505310059e-01
7.216570377349853516e-01
7.178283333778381348e-01
7.302728295326232910e-01
7.336668372154235840e-01
7.321501970291137695e-01
7.249211072921752930e-01
7.207480669021606445e-01
7.263994216918945312e-01
7.305706739425659180e-01
7.318643927574157715e-01
7.287390828132629395e-01
7.360974550247192383e-01
7.359085679054260254e-01
7.317541241645812988e-01
7.332603931427001953e-01
7.311846613883972168e-01
7.340433597564697266e-01
7.325383424758911133e-01
7.355650067329406738e-01
7.377945780754089355e-01
7.416952848434448242e-01
7.392035722732543945e-01
7.329156994819641113e-01
7.310445308685302734e-01
7.363590598106384277e-01
7.379289865493774414e-01
7.346072793006896973e-01
7.430238127708435059e-01
7.498490214347839355e-01
7.374304533004760742e-01
7.404058575630187988e-01
7.421143651008605957e-01
7.413733005523681641e-01
7.465360164642333984e-01
7.516044974327087402e-01
7.451068758964538574e-01
7.485115528106689453e-01
7.497425675392150879e-01
7.495461702346801758e-01
7.477182745933532715e-01
7.585816979408264160e-01
7.501540184020996094e-01
7.583207488059997559e-01
7.499449849128723145e-01
7.540149688720703125e-01
7.555842995643615723e-01
7.619811892509460449e-01
7.501063346862792969e-01
7.552587985992431641e-01
7.579904794692993164e-01
7.517423629760742188e-01
7.617675662040710449e-01
7.562995553016662598e-01
7.546820640563964844e-01
7.530229091644287109e-01
7.614040374755859375e-01
7.593544721603393555e-01
7.607824802398681641e-01
7.571212649345397949e-01
7.594866752624511719e-01
7.618195414543151855e-01
7.600100636482238770e-01
7.595613598823547363e-01
7.670148015022277832e-01
7.607371211051940918e-01
7.562952041625976562e-01
7.632805705070495605e-01
7.608370780944824219e-01
7.633784413337707520e-01
7.652648091316223145e-01
7.541081905364990234e-01
7.523616552352905273e-01
7.625593543052673340e-01
7.657781243324279785e-01
7.677816748619079590e-01
7.631857395172119141e-01
7.597348093986511230e-01
7.641727328300476074e-01
7.678157091140747070e-01
7.685040831565856934e-01
7.637524008750915527e-01
7.691241502761840820e-01
7.650513052940368652e-01
7.660526633262634277e-01
7.614266276359558105e-01
7.676138281822204590e-01
7.738273739814758301e-01
7.712072730064392090e-01
7.692425251007080078e-01
7.680688500404357910e-01
7.663063406944274902e-01
7.693360447883605957e-01
7.707957029342651367e-01
7.707040309906005859e-01
7.703324556350708008e-01
7.738571166992187500e-01
7.764111757278442383e-01
7.758181095123291016e-01
7.698419094085693359e-01
7.746298313140869141e-01
7.765641808509826660e-01
7.763489484786987305e-01
7.736779451370239258e-01
7.755686044692993164e-01
7.783869504928588867e-01
7.748507261276245117e-01
7.780623435974121094e-01
7.795792222023010254e-01
7.777280211448669434e-01
7.786544561386108398e-01
7.794383168220520020e-01
7.774299383163452148e-01
7.840589880943298340e-01
7.821553349494934082e-01
7.814104557037353516e-01
7.828972935676574707e-01
7.858800292015075684e-01
7.857813835144042969e-01
7.826086878776550293e-01
7.809294462203979492e-01
7.791058421134948730e-01
7.837582230567932129e-01
7.803028821945190430e-01
7.861764430999755859e-01
7.839950323104858398e-01
7.811949849128723145e-01
7.856208682060241699e-01
7.889208197593688965e-01
7.842066287994384766e-01
7.841919660568237305e-01
7.902219891548156738e-01
7.882274985313415527e-01
7.847934365272521973e-01
7.853333353996276855e-01
7.863861918449401855e-01
7.905933260917663574e-01
7.864517569541931152e-01
7.881816029548645020e-01
7.889042496681213379e-01
7.879642248153686523e-01
7.919486165046691895e-01
7.853742241859436035e-01
7.917335629463195801e-01
7.892426848411560059e-01
7.870820164680480957e-01
7.892917990684509277e-01
7.923583984375000000e-01
7.896435856819152832e-01
7.873799204826354980e-01
7.891654968261718750e-01
7.971941828727722168e-01
7.906281948089599609e-01
7.947775721549987793e-01
7.936195731163024902e-01
7.958344221115112305e-01
7.891328930854797363e-01
7.952208518981933594e-01
7.984440326690673828e-01
7.931854724884033203e-01
7.948746085166931152e-01
7.974209189414978027e-01
8.015000224113464355e-01
7.979162335395812988e-01
8.033759593963623047e-01
8.040106296539306641e-01
7.996155619621276855e-01
7.969549894332885742e-01
8.006148934364318848e-01
7.962887287139892578e-01
7.966330051422119141e-01
8.039005994796752930e-01
8.037036061286926270e-01
8.037981986999511719e-01
7.974952459335327148e-01
8.013706207275390625e-01
8.059273958206176758e-01
8.030710220336914062e-01
7.962978482246398926e-01
8.070858716964721680e-01
8.081957101821899414e-01
8.071756362915039062e-01
8.099720478057861328e-01
8.104734420776367188e-01
8.075788021087646484e-01
8.080902695655822754e-01
8.013716936111450195e-01
8.019754886627197266e-01
8.082172274589538574e-01
8.167495727539062500e-01
8.124315738677978516e-01
8.122268319129943848e-01
8.060052990913391113e-01
8.157258629798889160e-01
8.057003617286682129e-01
8.081339597702026367e-01
8.155294656753540039e-01
8.164461851119995117e-01
8.150862455368041992e-01
8.107670545578002930e-01
8.113422989845275879e-01
8.102837204933166504e-01
8.183815479278564453e-01
8.154585957527160645e-01
8.173131942749023438e-01
8.208731412887573242e-01
8.176752328872680664e-01
8.119432926177978516e-01
8.157763481140136719e-01
8.188855051994323730e-01
8.220484256744384766e-01
8.133845329284667969e-01
8.191592097282409668e-01
8.265863656997680664e-01
8.136753439903259277e-01
8.171997070312500000e-01
8.216317296028137207e-01
8.237199783325195312e-01
8.208470940589904785e-01
8.184547424316406250e-01
8.203787803649902344e-01
8.270207643508911133e-01
8.207333087921142578e-01
8.221895694732666016e-01
8.249133229255676270e-01
8.265885710716247559e-01
8.300561904907226562e-01
8.224872350692749023e-01
8.191453218460083008e-01
8.268972635269165039e-01
8.279930949211120605e-01
8.330296277999877930e-01
8.254079222679138184e-01
8.265705108642578125e-01
8.287804722785949707e-01
8.291456699371337891e-01
8.314953446388244629e-01
8.336241245269775391e-01
8.328094482421875000e-01
8.307007551193237305e-01
8.325974941253662109e-01
8.306288123130798340e-01
8.388749361038208008e-01
8.294484615325927734e-01
8.320978879928588867e-01
8.434680700302124023e-01
8.331798911094665527e-01
8.384835124015808105e-01
8.398274183273315430e-01
8.337904214859008789e-01
8.362945318222045898e-01
8.332610130310058594e-01
8.335692286491394043e-01
8.334664702415466309e-01
8.397718071937561035e-01
8.394479155540466309e-01
8.358479142189025879e-01
8.380347490310668945e-01
8.381118774414062500e-01
8.393358588218688965e-01
8.409067988395690918e-01
8.408089280128479004e-01
8.408454060554504395e-01
8.465915322303771973e-01
8.440175652503967285e-01
8.491804599761962891e-01
8.424617052078247070e-01
8.374411463737487793e-01
8.376469016075134277e-01
8.396528363227844238e-01
8.444759249687194824e-01
8.442287445068359375e-01
8.430113792419433594e-01
8.482180833816528320e-01
8.449997305870056152e-01
8.414838910102844238e-01
8.478444218635559082e-01
8.498115539550781250e-01
8.456910252571105957e-01
8.478808403015136719e-01
8.521437644958496094e-01
8.513442873954772949e-01
8.496474027633666992e-01
8.479756116867065430e-01
8.497866392135620117e-01
8.479062318801879883e-01
8.463267087936401367e-01
8.484508991241455078e-01
8.505236506462097168e-01
8.495674729347229004e-01
8.540202975273132324e-01
8.547984957695007324e-01
8.563503623008728027e-01
8.538766503334045410e-01
8.541140556335449219e-01
8.536672592163085938e-01
8.533403873443603516e-01
8.531798124313354492e-01
8.529807925224304199e-01
8.539660573005676270e-01
8.538925647735595703e-01
8.544923067092895508e-01
8.613023161888122559e-01
8.608734011650085449e-01
8.583317399024963379e-01
8.621151447296142578e-01
