1.000000000000000000e+00
4.806739389896392822e-01
6.069215536117553711e-01
7.252306342124938965e-01
5.838608145713806152e-01
5.716168880462646484e-01
6.993379592895507812e-01
5.993387103080749512e-01
5.763005018234252930e-01
6.731532812118530273e-01
6.223614215850830078e-01
5.794583559036254883e-01
6.439011096954345703e-01
6.402720212936401367e-01
5.894678235054016113e-01
6.295874118804931641e-01
6.378422379493713379e-01
5.962958335876464844e-01
6.147257685661315918e-01
6.472156643867492676e-01
6.042242050170898438e-01
6.027109622955322266e-01
6.450264453887939453e-01
6.093491315841674805e-01
6.022148132324218750e-01
6.373218297958374023e-01
6.113637685775756836e-01
6.021482944488525391e-01
6.292620301246643066e-01
6.206724643707275391e-01
6.024121046066284180e-01
6.235626935958862305e-01
6.275711655616760254e-01
5.990833640098571777e-01
6.212818622589111328e-01
6.249945163726806641e-01
6.072187423706054688e-01
6.192964315414428711e-01
6.279174089431762695e-01
6.098036766052246094e-01
6.146942377090454102e-01
6.284680962562561035e-01
6.028161048889160156e-01
6.234655380249023438e-01
6.222280263900756836e-01
6.119652986526489258e-01
6.154056191444396973e-01
6.234718561172485352e-01
6.218807697296142578e-01
6.038017272949218750e-01
6.212570667266845703e-01
6.225392222404479980e-01
6.092243194580078125e-01
6.154824495315551758e-01
6.336482763290405273e-01
5.980976819992065430e-01
6.318408250808715820e-01
6.287982463836669922e-01
6.032820940017700195e-01
6.250290274620056152e-01
6.240278482437133789e-01
6.084105372428894043e-01
6.191663146018981934e-01
6.254548430442810059e-01
6.126324534416198730e-01
6.161732077598571777e-01
6.307698488235473633e-01
6.067450046539306641e-01
6.212922930717468262e-01
6.185814738273620605e-01
6.168693304061889648e-01
6.179943084716796875e-01
6.144875288009643555e-01
6.277069449424743652e-01
6.120052933692932129e-01
6.223958730697631836e-01
6.237652301788330078e-01
6.095770597457885742e-01
6.231699585914611816e-01
6.240087747573852539e-01
6.075382828712463379e-01
6.277936697006225586e-01
6.154370903968811035e-01
6.134821772575378418e-01
6.191623806953430176e-01
6.230810880661010742e-01
6.083026528358459473e-01
6.250700354576110840e-01
6.168308854103088379e-01
6.130945086479187012e-01
6.170065402984619141e-01
6.301636695861816406e-01
6.096476316452026367e-01
6.178062558174133301e-01
6.334284543991088867e-01
6.043771505355834961e-01
6.228474378585815430e-01
6.187014579772949219e-01
6.167761683464050293e-01
6.165974736213684082e-01
6.232079267501831055e-01
6.206482052803039551e-01
6.220930218696594238e-01
6.110020875930786133e-01
6.297141313552856445e-01
6.110781431198120117e-01
6.155706048011779785e-01
6.253718137741088867e-01
6.094497442245483398e-01
6.146634817123413086e-01
6.240432262420654297e-01
6.105254888534545898e-01
6.109318733215332031e-01
6.263303160667419434e-01
6.131314635276794434e-01
6.126339435577392578e-01
6.229380965232849121e-01
6.214641332626342773e-01
6.005416512489318848e-01
6.290777921676635742e-01
6.167755126953125000e-01
6.144008636474609375e-01
6.205430626869201660e-01
6.221475601196289062e-01
6.056573390960693359e-01
6.223187446594238281e-01
6.123099327087402344e-01
6.166886091232299805e-01
6.157034635543823242e-01
6.159127950668334961e-01
6.180072426795959473e-01
6.142418384552001953e-01
6.200342178344726562e-01
6.143380403518676758e-01
6.208163499832153320e-01
6.052010655403137207e-01
6.356846690177917480e-01
5.974020361900329590e-01
6.218465566635131836e-01
6.288909316062927246e-01
6.104164123535156250e-01
6.168621778488159180e-01
6.287744641304016113e-01
6.075899004936218262e-01
6.269339323043823242e-01
6.129246950149536133e-01
6.240483522415161133e-01
6.145061254501342773e-01
6.220515370368957520e-01
6.229038238525390625e-01
6.130903959274291992e-01
6.193304657936096191e-01
6.306065320968627930e-01
6.065601706504821777e-01
6.215269565582275391e-01
6.257733106613159180e-01
6.137876510620117188e-01
6.225442886352539062e-01
6.249539256095886230e-01
6.133669614791870117e-01
6.187200546264648438e-01
6.243159174919128418e-01
6.101225614547729492e-01
6.211218237876892090e-01
6.233870387077331543e-01
6.116444468498229980e-01
6.175392270088195801e-01
6.264033913612365723e-01
6.129200458526611328e-01
6.091879010200500488e-01
6.317375898361206055e-01
6.144778132438659668e-01
6.070022583007812500e-01
6.329035758972167969e-01
6.079156994819641113e-01
6.116991639137268066e-01
6.295195817947387695e-01
6.187443733215332031e-01
6.125340461730957031e-01
6.254183650016784668e-01
6.234476566314697266e-01
6.057899594306945801e-01
6.193550825119018555e-01
6.273871064186096191e-01
6.055564880371093750e-01
6.289715170860290527e-01
6.090605258941650391e-01
6.213642954826354980e-01
6.142065525054931641e-01
6.202023029327392578e-01
6.149749755859375000e-01
6.139006018638610840e-01
6.205499768257141113e-01
6.171174645423889160e-01
6.143106222152709961e-01
6.282532215118408203e-01
6.155940890312194824e-01
6.171554327011108398e-01
6.198410391807556152e-01
6.217001080513000488e-01
6.119385957717895508e-01
6.289192438125610352e-01
6.132879257202148438e-01
6.159747838973999023e-01
6.208324432373046875e-01
6.217578649520874023e-01
6.058757901191711426e-01
6.291533708572387695e-01
6.170794963836669922e-01
6.079754233360290527e-01
6.233480572700500488e-01
6.183281540870666504e-01
6.155630946159362793e-01
6.194119453430175781e-01
6.242995858192443848e-01
6.107211709022521973e-01
6.171690821647644043e-01
6.249787807464599609e-01
6.090930104255676270e-01
6.181865334510803223e-01
6.248084306716918945e-01
6.147418618202209473e-01
6.116405129432678223e-01
6.322817802429199219e-01
6.084960103034973145e-01
6.166681051254272461e-01
6.223725676536560059e-01
6.175093054771423340e-01
6.088330149650573730e-01
6.259934306144714355e-01
6.132357120513916016e-01
6.078206300735473633e-01
6.277727484703063965e-01
6.124132871627807617e-01
6.136683225631713867e-01
6.207967400550842285e-01
6.160948872566223145e-01
6.112477779388427734e-01
6.221445798873901367e-01
6.185099482536315918e-01
6.142567396163940430e-01
6.162305474281311035e-01
6.232027411460876465e-01
6.130752563476562500e-01
6.164915561676025391e-01
6.118968129158020020e-01
6.237771511077880859e-01
6.072965264320373535e-01
6.210516691207885742e-01
6.157379150390625000e-01
6.191095709800720215e-01
6.144016385078430176e-01
6.094849705696105957e-01
6.296134591102600098e-01
6.103186011314392090e-01
6.145550608634948730e-01
6.249143481254577637e-01
6.115095615386962891e-01
6.133564114570617676e-01
6.268981695175170898e-01
6.095190048217773438e-01
6.160045266151428223e-01
6.211175918579101562e-01
6.186429262161254883e-01
6.151252985000610352e-01
6.228640079498291016e-01
6.189146041870117188e-01
6.131079196929931641e-01
6.193788051605224609e-01
6.278526782989501953e-01
6.010017395019531250e-01
6.299788355827331543e-01
6.173796057701110840e-01
6.121644973754882812e-01
6.230128407478332520e-01
6.128525733947753906e-01
6.186991333961486816e-01
6.173601746559143066e-01
6.146119832992553711e-01
6.181937456130981445e-01
6.150835156440734863e-01
6.215656995773315430e-01
6.180830597877502441e-01
6.223613023757934570e-01
6.134177446365356445e-01
6.224081516265869141e-01
6.181079745292663574e-01
6.157101988792419434e-01
6.123974323272705078e-01
6.242699027061462402e-01
6.114549040794372559e-01
6.175628304481506348e-01
6.271933317184448242e-01
6.095472574234008789e-01
6.173406839370727539e-01
6.262763738632202148e-01
6.171840429306030273e-01
6.122540235519409180e-01
6.278243064880371094e-01
6.136965155601501465e-01
