1.000000000000000000e+00
8.888666629791259766e-01
7.162067294120788574e-01
5.849373340606689453e-01
4.981533586978912354e-01
4.524449706077575684e-01
4.414523839950561523e-01
4.553581774234771729e-01
4.875730872154235840e-01
5.311353206634521484e-01
5.795457959175109863e-01
6.263536810874938965e-01
6.611225605010986328e-01
6.793404221534729004e-01
6.860763430595397949e-01
6.847982406616210938e-01
6.721776723861694336e-01
6.476895213127136230e-01
6.181564331054687500e-01
5.859502553939819336e-01
5.550413131713867188e-01
5.244203209877014160e-01
5.276991724967956543e-01
5.595573186874389648e-01
6.004777550697326660e-01
6.352775692939758301e-01
6.336159706115722656e-01
5.941483974456787109e-01
5.476098656654357910e-01
5.174441337585449219e-01
5.240492224693298340e-01
5.571824312210083008e-01
5.851888656616210938e-01
5.963060259819030762e-01
5.816860198974609375e-01
5.578733086585998535e-01
5.326337218284606934e-01
5.222160816192626953e-01
5.230232477188110352e-01
5.321959257125854492e-01
5.526337027549743652e-01
5.681977868080139160e-01
5.610722899436950684e-01
5.391453504562377930e-01
5.113091468811035156e-01
5.058318972587585449e-01
5.154796838760375977e-01
5.299317836761474609e-01
5.408386588096618652e-01
5.483954548835754395e-01
5.338409543037414551e-01
5.157724022865295410e-01
5.054280757904052734e-01
4.934646189212799072e-01
4.967159032821655273e-01
5.081887245178222656e-01
5.274790525436401367e-01
5.369161963462829590e-01
5.234438776969909668e-01
5.042353868484497070e-01
4.973654150962829590e-01
5.004948973655700684e-01
4.950748085975646973e-01
4.979384243488311768e-01
5.065270662307739258e-01
5.059729814529418945e-01
5.137751102447509766e-01
5.103303194046020508e-01
4.901544749736785889e-01
4.808918237686157227e-01
4.869578480720520020e-01
4.848036170005798340e-01
4.903981983661651611e-01
4.985408782958984375e-01
4.966192841529846191e-01
4.892335832118988037e-01
4.800274074077606201e-01
4.773989319801330566e-01
4.786646962165832520e-01
4.785071909427642822e-01
4.868604540824890137e-01
4.843502044677734375e-01
4.855343997478485107e-01
4.762904644012451172e-01
4.607411026954650879e-01
4.613101780414581299e-01
4.753197133541107178e-01
4.764734804630279541e-01
4.697750508785247803e-01
4.632891118526458740e-01
4.699766337871551514e-01
4.632413685321807861e-01
4.640320241451263428e-01
4.646223485469818115e-01
4.568971097469329834e-01
4.569623768329620361e-01
4.619473218917846680e-01
4.684722125530242920e-01
4.682292938232421875e-01
4.543796479701995850e-01
4.443498849868774414e-01
4.423848688602447510e-01
4.483557045459747314e-01
4.667243361473083496e-01
4.639894068241119385e-01
4.542718827724456787e-01
4.396582841873168945e-01
4.343717396259307861e-01
4.403378963470458984e-01
4.463239610195159912e-01
4.562264084815979004e-01
4.509738385677337646e-01
4.385402202606201172e-01
4.323810338973999023e-01
4.334286153316497803e-01
4.427035152912139893e-01
4.375728964805603027e-01
4.353046715259552002e-01
4.389595687389373779e-01
4.410005807876586914e-01
4.341881573200225830e-01
4.264205396175384521e-01
4.290464222431182861e-01
4.375236034393310547e-01
4.391651451587677002e-01
4.366974234580993652e-01
4.354024529457092285e-01
4.292751550674438477e-01
4.210985600948333740e-01
4.165958762168884277e-01
4.169830977916717529e-01
4.296046495437622070e-01
4.376908540725708008e-01
4.337354898452758789e-01
4.296965599060058594e-01
4.170469045639038086e-01
4.124190807342529297e-01
4.132067263126373291e-01
4.195458889007568359e-01
4.236805140972137451e-01
4.309024810791015625e-01
4.163005650043487549e-01
4.027225673198699951e-01
3.998874127864837646e-01
4.092200994491577148e-01
4.224761128425598145e-01
4.229865074157714844e-01
4.135322868824005127e-01
4.059469103813171387e-01
4.080172181129455566e-01
4.113272726535797119e-01
4.016195833683013916e-01
4.004328846931457520e-01
4.126453399658203125e-01
4.147920608520507812e-01
4.141274690628051758e-01
4.072737097740173340e-01
3.933154642581939697e-01
3.915553689002990723e-01
4.074503481388092041e-01
4.020363092422485352e-01
3.999991416931152344e-01
4.054197669029235840e-01
4.056608974933624268e-01
3.955844938755035400e-01
3.960424363613128662e-01
3.977106511592864990e-01
3.919706344604492188e-01
4.013346731662750244e-01
3.973307013511657715e-01
3.984556496143341064e-01
4.007738828659057617e-01
3.939311206340789795e-01
3.908692598342895508e-01
3.869866728782653809e-01
3.828236758708953857e-01
3.864339888095855713e-01
3.874311447143554688e-01
3.923752605915069580e-01
3.903998732566833496e-01
3.917135894298553467e-01
3.841476440429687500e-01
3.787144720554351807e-01
3.805721104145050049e-01
3.855911791324615479e-01
3.841820359230041504e-01
3.860349953174591064e-01
3.786962330341339111e-01
3.772974610328674316e-01
3.792782425880432129e-01
3.742639720439910889e-01
3.816121220588684082e-01
3.846957385540008545e-01
3.826675713062286377e-01
3.842280507087707520e-01
3.693242669105529785e-01
3.669356703758239746e-01
3.747719228267669678e-01
3.776632249355316162e-01
3.790841698646545410e-01
3.813399374485015869e-01
3.765029907226562500e-01
3.694435656070709229e-01
3.664801716804504395e-01
3.723553121089935303e-01
3.734846115112304688e-01
3.770397901535034180e-01
3.642348349094390869e-01
3.600471913814544678e-01
3.701757788658142090e-01
3.774473369121551514e-01
3.713126778602600098e-01
3.709167540073394775e-01
3.674356341361999512e-01
3.622508943080902100e-01
3.640179336071014404e-01
3.652935326099395752e-01
3.655382394790649414e-01
3.744726777076721191e-01
3.644980192184448242e-01
3.647291958332061768e-01
3.634576201438903809e-01
3.595552742481231689e-01
3.675067722797393799e-01
3.711501359939575195e-01
3.631415069103240967e-01
3.512105047702789307e-01
3.577788472175598145e-01
3.625055849552154541e-01
3.680964708328247070e-01
3.643285334110260010e-01
3.508680760860443115e-01
3.502690494060516357e-01
3.589388430118560791e-01
3.605417609214782715e-01
3.625390529632568359e-01
3.614645004272460938e-01
3.510099053382873535e-01
3.533099591732025146e-01
3.513333797454833984e-01
3.473166823387145996e-01
3.529532551765441895e-01
3.613548576831817627e-01
3.630211055278778076e-01
3.515780568122863770e-01
3.459327518939971924e-01
3.446713984012603760e-01
3.514682948589324951e-01
3.514024615287780762e-01
3.481444418430328369e-01
3.482507169246673584e-01
3.522182703018188477e-01
3.477544188499450684e-01
3.419540822505950928e-01
3.402398228645324707e-01
3.383301198482513428e-01
3.480191230773925781e-01
3.518341481685638428e-01
3.531662523746490479e-01
3.461403250694274902e-01
3.391241729259490967e-01
3.351699113845825195e-01
3.369254171848297119e-01
3.437061607837677002e-01
3.486811816692352295e-01
3.451924920082092285e-01
3.375528156757354736e-01
3.374332487583160400e-01
3.337118327617645264e-01
3.425835371017456055e-01
3.369766473770141602e-01
3.312490284442901611e-01
3.341924250125885010e-01
3.401668071746826172e-01
3.341670930385589600e-01
3.331840336322784424e-01
3.325187861919403076e-01
3.296043276786804199e-01
3.324495553970336914e-01
3.349560499191284180e-01
3.357059657573699951e-01
3.360894620418548584e-01
3.355338573455810547e-01
3.266710340976715088e-01
3.279234170913696289e-01
3.328534364700317383e-01
3.345052599906921387e-01
3.385268747806549072e-01
3.354380428791046143e-01
3.335901200771331787e-01
3.311946392059326172e-01
3.291002213954925537e-01
3.305207490921020508e-01
3.285617232322692871e-01
3.250938653945922852e-01
3.333597779273986816e-01
3.327579796314239502e-01
3.320522308349609375e-01
3.262905180454254150e-01
3.287048935890197754e-01
3.265338838100433350e-01
3.234386444091796875e-01
3.246791362762451172e-01
3.274149000644683838e-01
3.281284272670745850e-01
3.271292448043823242e-01
3.235364854335784912e-01
3.240953087806701660e-01
3.269545435905456543e-01
3.228888511657714844e-01
3.337149322032928467e-01
3.307926952838897705e-01
3.169634938240051270e-01
3.172240555286407471e-01
3.156343698501586914e-01
3.226388394832611084e-01
3.322290778160095215e-01
3.340617418289184570e-01
3.226801753044128418e-01
3.156016469001770020e-01
3.147749006748199463e-01
3.177255094051361084e-01
3.251212239265441895e-01
3.261432647705078125e-01
3.251522779464721680e-01
3.171486556529998779e-01
3.163249790668487549e-01
3.129124641418457031e-01
3.181900978088378906e-01
3.230909705162048340e-01
3.210268616676330566e-01
3.258892297744750977e-01
3.128547072410583496e-01
3.164092302322387695e-01
3.165489733219146729e-01
3.139893412590026855e-01
3.231999278068542480e-01
3.275223374366760254e-01
3.255243897438049316e-01
3.214165568351745605e-01
3.194555640220642090e-01
3.230502605438232422e-01
3.133815824985504150e-01
3.131150305271148682e-01
3.254008293151855469e-01
3.230603635311126709e-01
3.188229799270629883e-01
3.167614936828613281e-01
3.142740428447723389e-01
3.189649879932403564e-01
3.216504156589508057e-01
3.111267089843750000e-01
3.168919682502746582e-01
3.189447224140167236e-01
3.163093030452728271e-01
3.188754916191101074e-01
3.149924874305725098e-01
3.109543621540069580e-01
3.184349834918975830e-01
3.193612694740295410e-01
3.118165433406829834e-01
3.172265887260437012e-01
3.236565589904785156e-01
3.189894556999206543e-01
3.179541528224945068e-01
3.112735152244567871e-01
3.084717690944671631e-01
3.176697492599487305e-01
3.226273357868194580e-01
3.244664072990417480e-01
3.210943639278411865e-01
3.083670437335968018e-01
3.066361248493194580e-01
3.087151050567626953e-01
3.098114430904388428e-01
3.122758865356445312e-01
3.173704147338867188e-01
3.165213763713836670e-01
3.123499155044555664e-01
3.065641224384307861e-01
3.055414557456970215e-01
3.051415681838989258e-01
3.096982240676879883e-01
3.182161748409271240e-01
3.113520145416259766e-01
3.072494566440582275e-01
3.109408318996429443e-01
3.083356916904449463e-01
3.116222023963928223e-01
3.080717027187347412e-01
3.085963129997253418e-01
3.100613057613372803e-01
3.056681752204895020e-01
3.094727993011474609e-01
3.071888387203216553e-01
3.039774298667907715e-01
3.076469898223876953e-01
3.063983023166656494e-01
3.050963878631591797e-01
3.004279136657714844e-01
2.999541461467742920e-01
3.073721230030059814e-01
3.039451837539672852e-01
3.052451312541961670e-01
3.021304607391357422e-01
2.991239428520202637e-01
2.976121008396148682e-01
3.046109080314636230e-01
3.049587607383728027e-01
3.020787537097930908e-01
3.003093302249908447e-01
3.009009063243865967e-01
2.940918803215026855e-01
2.921048998832702637e-01
2.996833622455596924e-01
3.086685538291931152e-01
3.046163916587829590e-01
2.931157052516937256e-01
2.900596559047698975e-01
3.013604283332824707e-01
2.987709641456604004e-01
3.044986724853515625e-01
3.009217679500579834e-01
2.996785938739776611e-01
3.045632541179656982e-01
3.010088205337524414e-01
3.026453256607055664e-01
2.945811450481414795e-01
2.933603525161743164e-01
2.996233999729156494e-01
3.062072694301605225e-01
2.959446907043457031e-01
2.996432781219482422e-01
2.977715134620666504e-01
2.890155017375946045e-01
2.928797900676727295e-01
3.002726435661315918e-01
2.989784479141235352e-01
2.948595881462097168e-01
2.901565432548522949e-01
2.945427894592285156e-01
2.985258698463439941e-01
2.955364882946014404e-01
2.871277928352355957e-01
2.827433347702026367e-01
2.943758070468902588e-01
2.911650538444519043e-01
2.904107868671417236e-01
2.899040579795837402e-01
2.867293059825897217e-01
2.848693728446960449e-01
2.916140854358673096e-01
2.926748991012573242e-01
2.893861532211303711e-01
2.923950850963592529e-01
2.942282855510711670e-01
2.961915135383605957e-01
2.837105989456176758e-01
2.877539098262786865e-01
2.872696220874786377e-01
2.829730510711669922e-01
2.887757122516632080e-01
2.919133901596069336e-01
2.911885678768157959e-01
2.828568220138549805e-01
2.797129452228546143e-01
2.875893115997314453e-01
2.841590940952301025e-01
2.932246029376983643e-01
2.924790084362030029e-01
2.794892489910125732e-01
2.771730720996856689e-01
2.826653420925140381e-01
2.866573929786682129e-01
2.870583832263946533e-01
2.865033149719238281e-01
2.811951637268066406e-01
2.810166776180267334e-01
2.850844562053680420e-01
2.836741805076599121e-01
2.857727706432342529e-01
2.878456413745880127e-01
2.814721763134002686e-01
2.792882323265075684e-01
2.804797589778900146e-01
2.782780230045318604e-01
2.814332842826843262e-01
2.855352759361267090e-01
2.820667922496795654e-01
2.789855599403381348e-01
2.753114104270935059e-01
2.731838822364807129e-01
2.819267213344573975e-01
2.827092409133911133e-01
2.844819128513336182e-01
2.836586236953735352e-01
2.807848751544952393e-01
2.770717442035675049e-01
2.723937332630157471e-01
2.721583843231201172e-01
2.831134498119354248e-01
2.829754054546356201e-01
2.758517861366271973e-01
2.800984382629394531e-01
2.765194177627563477e-01
2.729819715023040771e-01
2.737259566783905029e-01
2.757440805435180664e-01
2.724712193012237549e-01
2.739675343036651611e-01
2.797409296035766602e-01
