1.000000000000000000e+00
8.887891769409179688e-01
7.159233093261718750e-01
5.848026275634765625e-01
4.982784986495971680e-01
4.527664184570312500e-01
4.413989186286926270e-01
4.540341496467590332e-01
4.845293462276458740e-01
5.251113772392272949e-01
5.675004720687866211e-01
6.067108511924743652e-01
6.343967318534851074e-01
6.466287374496459961e-01
6.485351324081420898e-01
6.442354321479797363e-01
6.373978853225708008e-01
6.211141347885131836e-01
5.984578728675842285e-01
5.742604732513427734e-01
5.484802722930908203e-01
5.151380300521850586e-01
5.087756514549255371e-01
5.286533832550048828e-01
5.589931607246398926e-01
5.824081897735595703e-01
5.879564285278320312e-01
5.651208758354187012e-01
5.315415859222412109e-01
5.098309516906738281e-01
5.176805853843688965e-01
5.342996120452880859e-01
5.449782013893127441e-01
5.516727566719055176e-01
5.383570790290832520e-01
5.216382741928100586e-01
5.214087963104248047e-01
5.201248526573181152e-01
5.107888579368591309e-01
5.079434514045715332e-01
5.150723457336425781e-01
5.182546377182006836e-01
5.149546861648559570e-01
5.169656872749328613e-01
5.101111531257629395e-01
5.037479996681213379e-01
5.003308653831481934e-01
4.970263242721557617e-01
5.020539760589599609e-01
5.039694905281066895e-01
5.008084774017333984e-01
5.102118849754333496e-01
5.071868896484375000e-01
4.885043501853942871e-01
4.788168668746948242e-01
4.879818260669708252e-01
4.928522408008575439e-01
5.004593729972839355e-01
5.036078691482543945e-01
4.930177330970764160e-01
4.833584129810333252e-01
4.754768311977386475e-01
4.795588254928588867e-01
4.916156232357025146e-01
4.934566020965576172e-01
4.942376315593719482e-01
4.915460050106048584e-01
4.842683970928192139e-01
4.773215651512145996e-01
4.731034338474273682e-01
4.797164797782897949e-01
4.869503378868103027e-01
4.920416176319122314e-01
4.840522706508636475e-01
4.799510538578033447e-01
4.759775400161743164e-01
4.739046394824981689e-01
4.764008522033691406e-01
4.758644104003906250e-01
4.762843251228332520e-01
4.770468473434448242e-01
4.785396158695220947e-01
4.732224047183990479e-01
4.728972613811492920e-01
4.714029133319854736e-01
4.628637731075286865e-01
4.555578529834747314e-01
4.680415987968444824e-01
4.848103225231170654e-01
4.779433608055114746e-01
4.648398160934448242e-01
4.576403200626373291e-01
4.599699974060058594e-01
4.630336761474609375e-01
4.625092446804046631e-01
4.686621725559234619e-01
4.704414606094360352e-01
4.663662314414978027e-01
4.679424464702606201e-01
4.647446274757385254e-01
4.541909992694854736e-01
4.481460452079772949e-01
4.543530046939849854e-01
4.651678502559661865e-01
4.763357043266296387e-01
4.675942957401275635e-01
4.602324664592742920e-01
4.454229176044464111e-01
4.474889636039733887e-01
4.574454128742218018e-01
4.527544975280761719e-01
4.541850090026855469e-01
4.598100483417510986e-01
4.539583623409271240e-01
4.557223916053771973e-01
4.575537145137786865e-01
4.484723508358001709e-01
4.396647810935974121e-01
4.461772143840789795e-01
4.550874531269073486e-01
4.532999992370605469e-01
4.428083002567291260e-01
4.384599924087524414e-01
4.471764266490936279e-01
4.508755505084991455e-01
4.417563974857330322e-01
4.316507577896118164e-01
4.291371107101440430e-01
4.342978894710540771e-01
4.381249248981475830e-01
4.438820183277130127e-01
4.443380236625671387e-01
4.470621347427368164e-01
4.434052109718322754e-01
4.352475404739379883e-01
4.325332045555114746e-01
4.303276836872100830e-01
4.441596567630767822e-01
4.494051635265350342e-01
4.444540739059448242e-01
4.399019777774810791e-01
4.373148977756500244e-01
4.379862844944000244e-01
4.335252344608306885e-01
4.354706108570098877e-01
4.447197616100311279e-01
4.471103250980377197e-01
4.453700482845306396e-01
4.434770047664642334e-01
4.388069510459899902e-01
4.341798424720764160e-01
4.403251111507415771e-01
4.498531520366668701e-01
4.457710683345794678e-01
4.396856725215911865e-01
4.412691295146942139e-01
4.438244402408599854e-01
4.391586184501647949e-01
4.344473481178283691e-01
4.349110722541809082e-01
4.342194199562072754e-01
4.350315332412719727e-01
4.419726133346557617e-01
4.406794905662536621e-01
4.371184706687927246e-01
4.372077584266662598e-01
4.349986314773559570e-01
4.338476061820983887e-01
4.299750030040740967e-01
4.330853223800659180e-01
4.332301318645477295e-01
4.298219084739685059e-01
4.297253787517547607e-01
4.313167929649353027e-01
4.335701763629913330e-01
4.320354461669921875e-01
4.262263774871826172e-01
4.340896606445312500e-01
4.353786408901214600e-01
4.300344884395599365e-01
4.286524951457977295e-01
4.231051504611968994e-01
4.258401393890380859e-01
4.290622472763061523e-01
4.308837652206420898e-01
4.323117434978485107e-01
4.269641041755676270e-01
4.207864403724670410e-01
4.090529978275299072e-01
4.150281846523284912e-01
4.305324852466583252e-01
4.286710321903228760e-01
4.224148094654083252e-01
4.202871918678283691e-01
4.127891063690185547e-01
4.122757911682128906e-01
4.176066517829895020e-01
4.155598282814025879e-01
4.198223650455474854e-01
4.240306615829467773e-01
4.129229784011840820e-01
4.038004875183105469e-01
4.135321676731109619e-01
4.188814759254455566e-01
4.156943857669830322e-01
4.177301228046417236e-01
4.108880162239074707e-01
4.088722169399261475e-01
4.141656458377838135e-01
4.178471267223358154e-01
4.099990129470825195e-01
4.131458997726440430e-01
4.175430834293365479e-01
4.161081910133361816e-01
4.106451570987701416e-01
4.029929339885711670e-01
4.053617417812347412e-01
4.144057035446166992e-01
4.175931811332702637e-01
4.134794473648071289e-01
4.094524383544921875e-01
4.062841832637786865e-01
4.070796966552734375e-01
4.133929014205932617e-01
4.194371402263641357e-01
4.229259788990020752e-01
4.134174585342407227e-01
4.090339839458465576e-01
4.120672941207885742e-01
4.067702293395996094e-01
4.045475721359252930e-01
4.111368060111999512e-01
4.152952432632446289e-01
4.087742865085601807e-01
4.109053313732147217e-01
4.074078798294067383e-01
4.056872129440307617e-01
4.050451815128326416e-01
4.087441861629486084e-01
4.112388789653778076e-01
4.152071177959442139e-01
4.079741537570953369e-01
3.973802030086517334e-01
3.897691965103149414e-01
3.948408663272857666e-01
4.061738550662994385e-01
4.066533446311950684e-01
4.098388254642486572e-01
3.986320793628692627e-01
3.894583284854888916e-01
3.961578011512756348e-01
4.011886119842529297e-01
3.990119993686676025e-01
3.971035182476043701e-01
3.962801992893218994e-01
4.054231047630310059e-01
4.052955508232116699e-01
3.974993824958801270e-01
3.865131437778472900e-01
3.918458819389343262e-01
4.049685597419738770e-01
4.031313955783843994e-01
3.910132944583892822e-01
3.948200941085815430e-01
3.961247801780700684e-01
3.963972330093383789e-01
4.014886617660522461e-01
3.983652293682098389e-01
3.939968049526214600e-01
3.918827772140502930e-01
3.982647955417633057e-01
3.986639976501464844e-01
3.993749618530273438e-01
3.979887962341308594e-01
3.919655084609985352e-01
3.950611650943756104e-01
3.899123668670654297e-01
3.916197121143341064e-01
3.902009427547454834e-01
3.930949568748474121e-01
3.983963727951049805e-01
3.977462053298950195e-01
3.917290866374969482e-01
3.871673047542572021e-01
3.859875500202178955e-01
3.957016766071319580e-01
4.028520584106445312e-01
3.994227647781372070e-01
3.952150940895080566e-01
3.933917880058288574e-01
3.956633806228637695e-01
3.923972249031066895e-01
3.898518383502960205e-01
3.915168344974517822e-01
3.937763869762420654e-01
3.904377222061157227e-01
3.919636011123657227e-01
4.031084477901458740e-01
3.930058181285858154e-01
3.900743424892425537e-01
3.973593115806579590e-01
3.942011296749114990e-01
3.909519612789154053e-01
3.972549736499786377e-01
3.998373746871948242e-01
3.975779712200164795e-01
3.953810930252075195e-01
3.898762166500091553e-01
3.899969160556793213e-01
3.938423693180084229e-01
3.991268575191497803e-01
4.023695290088653564e-01
3.982830345630645752e-01
3.915249407291412354e-01
3.890773057937622070e-01
3.880592584609985352e-01
3.912850022315979004e-01
3.948396742343902588e-01
3.950486779212951660e-01
3.913717269897460938e-01
3.900837302207946777e-01
3.898653388023376465e-01
3.941857516765594482e-01
3.883934319019317627e-01
3.819167315959930420e-01
3.805547654628753662e-01
3.879131674766540527e-01
3.907054364681243896e-01
3.897098898887634277e-01
3.883889615535736084e-01
3.794263899326324463e-01
3.798783421516418457e-01
3.862908780574798584e-01
3.904975354671478271e-01
3.840908408164978027e-01
3.861780166625976562e-01
3.824525475502014160e-01
3.855576217174530029e-01
3.873846232891082764e-01
3.918411135673522949e-01
3.902778625488281250e-01
3.847080469131469727e-01
3.807373344898223877e-01
3.824656307697296143e-01
3.835364580154418945e-01
3.862833380699157715e-01
3.854439556598663330e-01
3.814749717712402344e-01
3.893922269344329834e-01
3.907977938652038574e-01
3.821504414081573486e-01
3.725780546665191650e-01
3.736099898815155029e-01
3.764977455139160156e-01
3.845820426940917969e-01
3.874989151954650879e-01
3.862468898296356201e-01
3.757258057594299316e-01
3.657115399837493896e-01
3.697241246700286865e-01
3.799971640110015869e-01
3.812616169452667236e-01
3.817333877086639404e-01
3.823519051074981689e-01
3.791598677635192871e-01
3.759064376354217529e-01
3.725128471851348877e-01
3.658610582351684570e-01
3.676532804965972900e-01
3.817693293094635010e-01
3.830156326293945312e-01
3.761144578456878662e-01
3.745447695255279541e-01
3.773224651813507080e-01
3.759055733680725098e-01
3.720594048500061035e-01
3.724017739295959473e-01
3.772073984146118164e-01
3.849340975284576416e-01
3.829642534255981445e-01
3.750478327274322510e-01
3.762990534305572510e-01
3.735984265804290771e-01
3.687600493431091309e-01
3.824277520179748535e-01
3.887932896614074707e-01
3.822460770606994629e-01
3.721761703491210938e-01
3.728494942188262939e-01
3.738375306129455566e-01
3.792375922203063965e-01
3.789242208003997803e-01
3.758746981620788574e-01
3.769789934158325195e-01
3.819681107997894287e-01
3.786191940307617188e-01
3.727982640266418457e-01
3.721031546592712402e-01
3.713385760784149170e-01
3.770973086357116699e-01
3.749351501464843750e-01
3.721719384193420410e-01
3.756501674652099609e-01
3.772884607315063477e-01
3.718950450420379639e-01
3.682103157043457031e-01
3.700044453144073486e-01
3.772472441196441650e-01
3.832245171070098877e-01
3.796355724334716797e-01
3.754171729087829590e-01
3.754955530166625977e-01
3.712674975395202637e-01
3.692909479141235352e-01
3.741582930088043213e-01
3.776402473449707031e-01
3.742913603782653809e-01
3.685635924339294434e-01
3.705676496028900146e-01
3.784020245075225830e-01
3.780539631843566895e-01
3.711174726486206055e-01
3.706464767456054688e-01
3.659719824790954590e-01
3.738451004028320312e-01
3.798201978206634521e-01
3.752069473266601562e-01
3.761015534400939941e-01
3.776902556419372559e-01
3.768334984779357910e-01
3.739572465419769287e-01
3.700900077819824219e-01
3.720087707042694092e-01
3.859011828899383545e-01
3.889425992965698242e-01
3.819854259490966797e-01
3.714855015277862549e-01
3.698576688766479492e-01
3.747871816158294678e-01
3.813630640506744385e-01
3.782998323440551758e-01
3.794904649257659912e-01
3.820437788963317871e-01
3.723978996276855469e-01
3.673100173473358154e-01
3.723955154418945312e-01
3.789625763893127441e-01
3.726969957351684570e-01
3.662740886211395264e-01
3.676873445510864258e-01
3.776817321777343750e-01
3.770670890808105469e-01
3.722478449344635010e-01
3.705730736255645752e-01
3.683562278747558594e-01
3.681726455688476562e-01
3.705123066902160645e-01
3.738447427749633789e-01
3.751532733440399170e-01
3.735241889953613281e-01
3.704835474491119385e-01
3.647529184818267822e-01
3.640222549438476562e-01
3.670939505100250244e-01
3.683092892169952393e-01
3.716689348220825195e-01
3.722797632217407227e-01
3.683268725872039795e-01
3.695237934589385986e-01
3.636486828327178955e-01
3.609058558940887451e-01
3.616758584976196289e-01
3.660340011119842529e-01
3.730758130550384521e-01
3.681293129920959473e-01
3.589293062686920166e-01
3.529738783836364746e-01
3.685063421726226807e-01
3.707466423511505127e-01
3.609376549720764160e-01
3.622987568378448486e-01
3.616551458835601807e-01
3.574483096599578857e-01
3.624691665172576904e-01
3.664504289627075195e-01
3.718225359916687012e-01
3.699414432048797607e-01
3.608531355857849121e-01
3.595396578311920166e-01
3.565801978111267090e-01
3.635657131671905518e-01
3.711381852626800537e-01
3.722901940345764160e-01
3.666024208068847656e-01
3.582170903682708740e-01
3.569303452968597412e-01
3.609673082828521729e-01
3.676565587520599365e-01
3.662883043289184570e-01
3.606633245944976807e-01
3.614597916603088379e-01
3.645227849483489990e-01
3.634259998798370361e-01
3.614041507244110107e-01
3.628469109535217285e-01
3.593701422214508057e-01
3.598908185958862305e-01
3.575523197650909424e-01
3.598924577236175537e-01
3.670969307422637939e-01
3.706853091716766357e-01
