1.000000000000000000e+00
8.888833522796630859e-01
7.159140110015869141e-01
5.838711261749267578e-01
4.966976046562194824e-01
4.521659016609191895e-01
4.433249831199645996e-01
4.572793841361999512e-01
4.867086410522460938e-01
5.272683501243591309e-01
5.713369846343994141e-01
6.150723695755004883e-01
6.467602252960205078e-01
6.638640165328979492e-01
6.710143089294433594e-01
6.693642139434814453e-01
6.569731831550598145e-01
6.337156295776367188e-01
6.060482859611511230e-01
5.781953930854797363e-01
5.502547621726989746e-01
5.207048058509826660e-01
5.216000080108642578e-01
5.539974570274353027e-01
5.898732542991638184e-01
6.139707565307617188e-01
6.055746078491210938e-01
5.708522200584411621e-01
5.344722867012023926e-01
5.104035735130310059e-01
5.175162553787231445e-01
5.495492815971374512e-01
5.747857093811035156e-01
5.754998922348022461e-01
5.572559237480163574e-01
5.337066650390625000e-01
5.250845551490783691e-01
5.253610610961914062e-01
5.260185003280639648e-01
5.266764163970947266e-01
5.352826118469238281e-01
5.440854430198669434e-01
5.434675216674804688e-01
5.294850468635559082e-01
5.127980113029479980e-01
5.114955306053161621e-01
5.078340172767639160e-01
5.106440782546997070e-01
5.192183852195739746e-01
5.253497958183288574e-01
5.214342474937438965e-01
5.157518386840820312e-01
5.028315186500549316e-01
4.964024722576141357e-01
4.973995089530944824e-01
5.032564997673034668e-01
5.074185729026794434e-01
5.159004330635070801e-01
5.148923397064208984e-01
4.911836087703704834e-01
4.819536507129669189e-01
4.839495122432708740e-01
4.867620766162872314e-01
4.916334450244903564e-01
4.908107221126556396e-01
4.893856346607208252e-01
4.957341551780700684e-01
4.870623052120208740e-01
4.820365905761718750e-01
4.791800975799560547e-01
4.818301796913146973e-01
4.878356456756591797e-01
4.895505309104919434e-01
4.865417778491973877e-01
4.797321856021881104e-01
4.698514044284820557e-01
4.703239202499389648e-01
4.834319055080413818e-01
4.832840859889984131e-01
4.759322702884674072e-01
4.687548577785491943e-01
4.645849466323852539e-01
4.559930264949798584e-01
4.599041938781738281e-01
4.682770371437072754e-01
4.756687581539154053e-01
4.751277565956115723e-01
4.627533853054046631e-01
4.541728794574737549e-01
4.566322565078735352e-01
4.565660357475280762e-01
4.606555104255676270e-01
4.605986773967742920e-01
4.587419331073760986e-01
4.573870301246643066e-01
4.518791735172271729e-01
4.476097822189331055e-01
4.515439271926879883e-01
4.573351144790649414e-01
4.502678215503692627e-01
4.464059472084045410e-01
4.365147054195404053e-01
4.398162066936492920e-01
4.460580348968505859e-01
4.431964457035064697e-01
4.462130665779113770e-01
4.494768679141998291e-01
4.464404582977294922e-01
4.397944509983062744e-01
4.311381578445434570e-01
4.279798865318298340e-01
4.312830567359924316e-01
4.409565627574920654e-01
4.455779790878295898e-01
4.369825124740600586e-01
4.344584941864013672e-01
4.319979846477508545e-01
4.260021150112152100e-01
4.264493882656097412e-01
4.275827705860137939e-01
4.383943974971771240e-01
4.399018287658691406e-01
4.321142137050628662e-01
4.203768968582153320e-01
4.201788604259490967e-01
4.259413182735443115e-01
4.290328025817871094e-01
4.266870021820068359e-01
4.250894188880920410e-01
4.293090403079986572e-01
4.264185130596160889e-01
4.229620993137359619e-01
4.212022721767425537e-01
4.221841990947723389e-01
4.258890748023986816e-01
4.257465600967407227e-01
4.239627718925476074e-01
4.236407279968261719e-01
4.228423833847045898e-01
4.227701127529144287e-01
4.220239520072937012e-01
4.261578619480133057e-01
4.224742054939270020e-01
4.184966981410980225e-01
4.219335019588470459e-01
4.257840514183044434e-01
4.289602637290954590e-01
4.264334738254547119e-01
4.203183352947235107e-01
4.151214063167572021e-01
4.125085473060607910e-01
4.140433669090270996e-01
4.204496145248413086e-01
4.215466678142547607e-01
4.198073446750640869e-01
4.152831137180328369e-01
4.121442735195159912e-01
4.084298908710479736e-01
4.030799865722656250e-01
4.095310866832733154e-01
4.141423702239990234e-01
4.144187569618225098e-01
4.145548939704895020e-01
4.074861109256744385e-01
4.021538496017456055e-01
3.958405852317810059e-01
4.011222124099731445e-01
4.109724760055541992e-01
4.053442180156707764e-01
3.964360654354095459e-01
3.957202136516571045e-01
4.093436300754547119e-01
4.092787504196166992e-01
3.936167955398559570e-01
3.898047208786010742e-01
3.882155418395996094e-01
3.946208059787750244e-01
4.033520519733428955e-01
3.984107077121734619e-01
3.979627192020416260e-01
3.989805579185485840e-01
3.912641406059265137e-01
3.899965286254882812e-01
3.935499489307403564e-01
3.901404738426208496e-01
3.948507308959960938e-01
3.948936760425567627e-01
3.869488537311553955e-01
3.967368602752685547e-01
3.915239870548248291e-01
3.912902772426605225e-01
3.894389271736145020e-01
3.862335979938507080e-01
3.919824659824371338e-01
3.877593874931335449e-01
3.876829743385314941e-01
3.846829831600189209e-01
3.847657442092895508e-01
3.868588209152221680e-01
3.925477862358093262e-01
3.945458233356475830e-01
3.929417729377746582e-01
3.858196437358856201e-01
3.855820000171661377e-01
3.861012458801269531e-01
3.859987556934356689e-01
3.829576671123504639e-01
3.880901336669921875e-01
3.917356431484222412e-01
3.929207623004913330e-01
3.831440508365631104e-01
3.813845813274383545e-01
3.835592269897460938e-01
3.891492784023284912e-01
3.853640258312225342e-01
3.853392601013183594e-01
3.817336559295654297e-01
3.818529844284057617e-01
3.788614869117736816e-01
3.857713341712951660e-01
3.899962604045867920e-01
3.889435529708862305e-01
3.823884129524230957e-01
3.779249787330627441e-01
3.785195350646972656e-01
3.840860426425933838e-01
3.825031816959381104e-01
3.832725584506988525e-01
3.823615312576293945e-01
3.795136213302612305e-01
3.778702914714813232e-01
3.767826259136199951e-01
3.794858753681182861e-01
3.782613277435302734e-01
3.741336762905120850e-01
3.735550940036773682e-01
3.763294816017150879e-01
3.797338902950286865e-01
3.773685991764068604e-01
3.703273236751556396e-01
3.745652437210083008e-01
3.758720457553863525e-01
3.700636327266693115e-01
3.709586262702941895e-01
3.753673434257507324e-01
3.669514060020446777e-01
3.629797697067260742e-01
3.616617619991302490e-01
3.691252768039703369e-01
3.719172179698944092e-01
3.685497641563415527e-01
3.683685958385467529e-01
3.654234707355499268e-01
3.647987246513366699e-01
3.726443648338317871e-01
3.704839348793029785e-01
3.644615411758422852e-01
3.619496524333953857e-01
3.645473122596740723e-01
3.685597479343414307e-01
3.705220222473144531e-01
3.711978495121002197e-01
3.722737729549407959e-01
3.670564889907836914e-01
3.587823510169982910e-01
3.569781482219696045e-01
3.685549199581146240e-01
3.695725202560424805e-01
3.702158331871032715e-01
3.658082187175750732e-01
3.634571433067321777e-01
3.576045632362365723e-01
3.551799058914184570e-01
3.645593523979187012e-01
3.622252047061920166e-01
3.682519197463989258e-01
3.681995570659637451e-01
3.610408008098602295e-01
3.542932569980621338e-01
3.473053574562072754e-01
3.526317775249481201e-01
3.587877154350280762e-01
3.614040911197662354e-01
3.607506752014160156e-01
3.590291440486907959e-01
3.449977338314056396e-01
3.459135890007019043e-01
3.518757820129394531e-01
3.522528409957885742e-01
3.556830585002899170e-01
3.600897490978240967e-01
3.532517552375793457e-01
3.501334190368652344e-01
3.470328748226165771e-01
3.437028825283050537e-01
3.463223874568939209e-01
3.522594869136810303e-01
3.489852547645568848e-01
3.498432338237762451e-01
3.595065474510192871e-01
3.541467189788818359e-01
3.451205790042877197e-01
3.392603993415832520e-01
3.466366529464721680e-01
3.553124070167541504e-01
3.495635092258453369e-01
3.467206060886383057e-01
3.531970977783203125e-01
3.517276346683502197e-01
3.439937233924865723e-01
3.387173116207122803e-01
3.420115113258361816e-01
3.441678583621978760e-01
3.442237675189971924e-01
3.455347120761871338e-01
3.484741449356079102e-01
3.412069380283355713e-01
3.417234420776367188e-01
3.407723605632781982e-01
3.373098671436309814e-01
3.425428271293640137e-01
3.364750742912292480e-01
3.400417566299438477e-01
3.500121533870697021e-01
3.491203188896179199e-01
3.400405049324035645e-01
3.390913605690002441e-01
3.387593328952789307e-01
3.374705314636230469e-01
3.385819196701049805e-01
3.455180525779724121e-01
3.456800878047943115e-01
3.396466374397277832e-01
3.367960155010223389e-01
3.372400104999542236e-01
3.401848971843719482e-01
3.405374884605407715e-01
3.380404710769653320e-01
3.368441462516784668e-01
3.450330197811126709e-01
3.493757247924804688e-01
3.350596129894256592e-01
3.316116333007812500e-01
3.372980356216430664e-01
3.417069911956787109e-01
3.468403816223144531e-01
3.369154632091522217e-01
3.289821445941925049e-01
3.351620435714721680e-01
3.335227966308593750e-01
3.333531022071838379e-01
3.372159898281097412e-01
3.402891457080841064e-01
3.374368548393249512e-01
3.389640450477600098e-01
3.340369462966918945e-01
3.269948065280914307e-01
3.269821405410766602e-01
3.345056772232055664e-01
3.406146466732025146e-01
3.382811248302459717e-01
3.355476260185241699e-01
3.304788172245025635e-01
3.337774574756622314e-01
3.334018588066101074e-01
3.394303321838378906e-01
3.359107375144958496e-01
3.325640857219696045e-01
3.301001787185668945e-01
3.355797827243804932e-01
3.377718329429626465e-01
3.268191814422607422e-01
3.315779566764831543e-01
3.399357795715332031e-01
3.398801386356353760e-01
3.295625150203704834e-01
3.206524550914764404e-01
3.242946863174438477e-01
3.324891626834869385e-01
3.318045735359191895e-01
3.298138082027435303e-01
3.323604464530944824e-01
3.332499861717224121e-01
3.301454782485961914e-01
3.269810080528259277e-01
3.292975127696990967e-01
3.313026726245880127e-01
3.258228898048400879e-01
3.254518508911132812e-01
3.219258785247802734e-01
3.237974941730499268e-01
3.250924348831176758e-01
3.234001398086547852e-01
3.286207616329193115e-01
3.316515386104583740e-01
3.230636119842529297e-01
3.246231675148010254e-01
3.253742158412933350e-01
3.240748643875122070e-01
3.246305882930755615e-01
3.222358524799346924e-01
3.252260386943817139e-01
3.228301405906677246e-01
3.178464770317077637e-01
3.197030127048492432e-01
3.217987716197967529e-01
3.244397938251495361e-01
3.283287286758422852e-01
3.252165019512176514e-01
3.245678246021270752e-01
3.184923529624938965e-01
3.115333914756774902e-01
3.226687610149383545e-01
3.287490904331207275e-01
3.204066157341003418e-01
3.152296245098114014e-01
3.186450004577636719e-01
3.157915472984313965e-01
3.135582804679870605e-01
3.129778802394866943e-01
3.192382752895355225e-01
3.197821080684661865e-01
3.232485651969909668e-01
3.219493031501770020e-01
3.172969222068786621e-01
3.154254555702209473e-01
3.153634667396545410e-01
3.133297264575958252e-01
3.118675649166107178e-01
3.223579823970794678e-01
3.226920664310455322e-01
3.162901103496551514e-01
3.138641417026519775e-01
3.195649385452270508e-01
3.177272081375122070e-01
3.129409849643707275e-01
3.130484819412231445e-01
3.177294135093688965e-01
3.174057006835937500e-01
3.152527809143066406e-01
3.154772818088531494e-01
3.179872632026672363e-01
3.183019459247589111e-01
3.160006701946258545e-01
3.181909918785095215e-01
3.190401792526245117e-01
3.179773390293121338e-01
3.201494812965393066e-01
3.196547329425811768e-01
3.139606714248657227e-01
3.185266852378845215e-01
3.145102262496948242e-01
3.167953491210937500e-01
3.228668272495269775e-01
3.208141922950744629e-01
3.151348531246185303e-01
3.104507923126220703e-01
3.116582334041595459e-01
3.155539333820343018e-01
3.137466311454772949e-01
3.155797719955444336e-01
3.196124434471130371e-01
3.198412358760833740e-01
3.139807581901550293e-01
3.088790774345397949e-01
3.123608529567718506e-01
3.145933747291564941e-01
3.139809668064117432e-01
3.185569643974304199e-01
3.181742727756500244e-01
3.171575069427490234e-01
3.104431331157684326e-01
3.118260800838470459e-01
3.118237257003784180e-01
3.136079609394073486e-01
3.163343369960784912e-01
3.151776790618896484e-01
3.075919449329376221e-01
3.056005239486694336e-01
3.136179149150848389e-01
3.163851499557495117e-01
3.118182718753814697e-01
3.022155761718750000e-01
3.075599074363708496e-01
3.120187819004058838e-01
3.191688954830169678e-01
3.185179233551025391e-01
3.109629750251770020e-01
3.061137199401855469e-01
3.018046617507934570e-01
3.087040185928344727e-01
3.133456408977508545e-01
3.221170604228973389e-01
3.178959786891937256e-01
3.092955052852630615e-01
3.038801550865173340e-01
3.033810853958129883e-01
3.049054741859436035e-01
3.100114464759826660e-01
3.115738332271575928e-01
3.119418025016784668e-01
3.094768524169921875e-01
3.076733946800231934e-01
3.088661432266235352e-01
3.014329373836517334e-01
3.045907020568847656e-01
3.082949817180633545e-01
3.065649569034576416e-01
3.115893304347991943e-01
3.069978356361389160e-01
2.986916899681091309e-01
