1.000000000000000000e+00
8.887934684753417969e-01
7.159873247146606445e-01
5.852748155593872070e-01
4.995495975017547607e-01
4.549856185913085938e-01
4.452005326747894287e-01
4.598548114299774170e-01
4.911495149135589600e-01
5.304345488548278809e-01
5.707392692565917969e-01
6.081391572952270508e-01
6.348261237144470215e-01
6.473044157028198242e-01
6.500195860862731934e-01
6.478509902954101562e-01
6.377737522125244141e-01
6.155555248260498047e-01
5.906972289085388184e-01
5.666679739952087402e-01
5.435346961021423340e-01
5.216482281684875488e-01
5.169857740402221680e-01
5.267016291618347168e-01
5.475344657897949219e-01
5.758863091468811035e-01
5.884854793548583984e-01
5.700848102569580078e-01
5.412712693214416504e-01
5.147757530212402344e-01
5.082150697708129883e-01
5.117696523666381836e-01
5.218974947929382324e-01
5.418980717658996582e-01
5.498994588851928711e-01
5.459605455398559570e-01
5.320008993148803711e-01
5.126507282257080078e-01
4.999881982803344727e-01
4.972049891948699951e-01
5.058627128601074219e-01
5.242117047309875488e-01
5.376098752021789551e-01
5.294638872146606445e-01
5.112025737762451172e-01
4.971924424171447754e-01
4.937848150730133057e-01
4.988410770893096924e-01
5.093919038772583008e-01
5.176990628242492676e-01
5.165396332740783691e-01
5.125440955162048340e-01
5.114288330078125000e-01
5.015601515769958496e-01
4.960190951824188232e-01
4.962099492549896240e-01
4.992694258689880371e-01
5.051071643829345703e-01
5.145596861839294434e-01
5.105996131896972656e-01
5.122101306915283203e-01
5.013749599456787109e-01
4.934297204017639160e-01
4.949880242347717285e-01
4.965949654579162598e-01
5.029913187026977539e-01
5.161182880401611328e-01
5.065096020698547363e-01
4.892739355564117432e-01
4.891551434993743896e-01
4.996754229068756104e-01
5.033454298973083496e-01
4.982115924358367920e-01
4.850660264492034912e-01
4.819029867649078369e-01
4.931377768516540527e-01
4.975763261318206787e-01
4.978013932704925537e-01
4.879167973995208740e-01
4.831830561161041260e-01
4.904431402683258057e-01
4.954060614109039307e-01
4.842529594898223877e-01
4.932802915573120117e-01
4.903175234794616699e-01
4.861333370208740234e-01
4.842916131019592285e-01
4.790988564491271973e-01
4.826804995536804199e-01
4.976268708705902100e-01
4.949645102024078369e-01
4.890019595623016357e-01
4.855923354625701904e-01
4.816533923149108887e-01
4.793021678924560547e-01
4.809800684452056885e-01
4.898337125778198242e-01
4.860092699527740479e-01
4.816209375858306885e-01
4.823701381683349609e-01
4.813188314437866211e-01
4.878593981266021729e-01
4.914599955081939697e-01
4.781672656536102295e-01
4.694080352783203125e-01
4.761007726192474365e-01
4.797352850437164307e-01
4.801545739173889160e-01
4.789598882198333740e-01
4.749711453914642334e-01
4.716294109821319580e-01
4.758934378623962402e-01
4.844487309455871582e-01
4.795809686183929443e-01
4.751881361007690430e-01
4.734063744544982910e-01
4.706852138042449951e-01
4.769815206527709961e-01
4.795685112476348877e-01
4.774743616580963135e-01
4.736093282699584961e-01
4.746695160865783691e-01
4.768362343311309814e-01
4.765398800373077393e-01
4.764498770236968994e-01
4.741599559783935547e-01
4.699176251888275146e-01
4.721137583255767822e-01
4.756712615489959717e-01
4.688627421855926514e-01
4.712027013301849365e-01
4.701666831970214844e-01
4.629403054714202881e-01
4.616948664188385010e-01
4.625445008277893066e-01
4.663309454917907715e-01
4.698361158370971680e-01
4.698831140995025635e-01
4.680079817771911621e-01
4.664700329303741455e-01
4.630010128021240234e-01
4.648151397705078125e-01
4.711024463176727295e-01
4.711877703666687012e-01
4.676832854747772217e-01
4.595588147640228271e-01
4.591276347637176514e-01
4.665202498435974121e-01
4.728857576847076416e-01
4.726999998092651367e-01
4.672849178314208984e-01
4.664970636367797852e-01
4.586654901504516602e-01
4.521595537662506104e-01
4.616699516773223877e-01
4.585107266902923584e-01
4.512382447719573975e-01
4.551557004451751709e-01
4.613045752048492432e-01
4.604400098323822021e-01
4.544916749000549316e-01
4.381983876228332520e-01
4.312857687473297119e-01
4.446553289890289307e-01
4.534992873668670654e-01
4.593598842620849609e-01
4.540348947048187256e-01
4.506989121437072754e-01
4.492456614971160889e-01
4.477463066577911377e-01
4.484583437442779541e-01
4.515814185142517090e-01
4.465679526329040527e-01
4.538259804248809814e-01
4.587314128875732422e-01
4.495030939579010010e-01
4.423815310001373291e-01
4.419584274291992188e-01
4.462994337081909180e-01
4.519490003585815430e-01
4.504543542861938477e-01
4.459158182144165039e-01
4.437044858932495117e-01
4.378871917724609375e-01
4.384843409061431885e-01
4.476110637187957764e-01
4.535240530967712402e-01
4.494673013687133789e-01
4.401814937591552734e-01
4.460969567298889160e-01
4.397545456886291504e-01
4.355484545230865479e-01
4.460225105285644531e-01
4.546697437763214111e-01
4.450477361679077148e-01
4.342991411685943604e-01
4.297240674495697021e-01
4.324785768985748291e-01
4.391645789146423340e-01
4.420422315597534180e-01
4.452123939990997314e-01
4.393032789230346680e-01
4.399217963218688965e-01
4.383990466594696045e-01
4.299041330814361572e-01
4.282944798469543457e-01
4.317890405654907227e-01
4.297193884849548340e-01
4.339658021926879883e-01
4.383500218391418457e-01
4.411515295505523682e-01
4.346737861633300781e-01
4.280812442302703857e-01
4.287091493606567383e-01
4.245097935199737549e-01
4.259336888790130615e-01
4.379775226116180420e-01
4.371551871299743652e-01
4.271135926246643066e-01
4.217202961444854736e-01
4.320323467254638672e-01
4.419698715209960938e-01
4.297229647636413574e-01
4.240895509719848633e-01
4.292156100273132324e-01
4.301321804523468018e-01
4.286332130432128906e-01
4.285866022109985352e-01
4.340190887451171875e-01
4.299515783786773682e-01
4.275015294551849365e-01
4.240339100360870361e-01
4.268801808357238770e-01
4.275592565536499023e-01
4.283545315265655518e-01
4.262100160121917725e-01
4.260772168636322021e-01
4.240722656250000000e-01
4.314352273941040039e-01
4.329928755760192871e-01
4.307724535465240479e-01
4.203606247901916504e-01
4.231127798557281494e-01
4.288808107376098633e-01
4.296139478683471680e-01
4.309379756450653076e-01
4.235454201698303223e-01
4.259371161460876465e-01
4.239291548728942871e-01
4.258394837379455566e-01
4.232376515865325928e-01
4.141300022602081299e-01
4.119936525821685791e-01
4.191489815711975098e-01
4.224590063095092773e-01
4.237217903137207031e-01
4.230822026729583740e-01
4.201341569423675537e-01
4.061947166919708252e-01
4.019174873828887939e-01
4.084922373294830322e-01
4.163370430469512939e-01
4.297976493835449219e-01
4.185333847999572754e-01
4.091150164604187012e-01
4.144591093063354492e-01
4.142276644706726074e-01
4.107314348220825195e-01
4.208286702632904053e-01
4.244393110275268555e-01
4.228877425193786621e-01
4.127196669578552246e-01
4.063763022422790527e-01
4.131960868835449219e-01
4.158627688884735107e-01
4.215902984142303467e-01
4.194097816944122314e-01
4.104302227497100830e-01
4.132757186889648438e-01
4.159039855003356934e-01
4.168788194656372070e-01
4.167725145816802979e-01
4.167432785034179688e-01
4.194243848323822021e-01
4.174313545227050781e-01
4.127846062183380127e-01
4.113682210445404053e-01
4.063861370086669922e-01
4.109405279159545898e-01
4.241572022438049316e-01
4.146021306514739990e-01
4.127205312252044678e-01
4.142665863037109375e-01
4.096898436546325684e-01
4.091853201389312744e-01
4.176732599735260010e-01
4.134008288383483887e-01
4.083040952682495117e-01
4.120981395244598389e-01
4.123621582984924316e-01
4.100922644138336182e-01
4.114267230033874512e-01
4.132488667964935303e-01
4.096540808677673340e-01
4.105108082294464111e-01
4.080560505390167236e-01
4.091232717037200928e-01
4.104076623916625977e-01
4.065741598606109619e-01
4.051429033279418945e-01
4.054275453090667725e-01
4.000967741012573242e-01
4.050997793674468994e-01
4.151948094367980957e-01
4.092891514301300049e-01
4.001014530658721924e-01
4.022139012813568115e-01
4.063442945480346680e-01
4.094608128070831299e-01
4.060261845588684082e-01
4.009602367877960205e-01
4.014087617397308350e-01
3.970924019813537598e-01
4.027715325355529785e-01
4.154677391052246094e-01
4.157207012176513672e-01
4.039353430271148682e-01
4.010440707206726074e-01
3.993857502937316895e-01
3.998737633228302002e-01
4.018339812755584717e-01
4.081288874149322510e-01
4.040702283382415771e-01
4.019779562950134277e-01
4.078453779220581055e-01
4.073293507099151611e-01
4.057966172695159912e-01
4.034241139888763428e-01
3.980917036533355713e-01
4.061260819435119629e-01
4.075402319431304932e-01
4.090082347393035889e-01
4.067781269550323486e-01
4.043447077274322510e-01
4.051993787288665771e-01
4.132811725139617920e-01
4.084143042564392090e-01
4.023335576057434082e-01
4.083907306194305420e-01
4.097880721092224121e-01
4.031450152397155762e-01
4.036566317081451416e-01
4.089259207248687744e-01
4.105646312236785889e-01
4.080123305320739746e-01
4.010060727596282959e-01
4.013283550739288330e-01
4.066478908061981201e-01
4.054987728595733643e-01
3.991254866123199463e-01
3.979464173316955566e-01
4.078858196735382080e-01
4.109700620174407959e-01
4.036181867122650146e-01
3.990394771099090576e-01
3.988662958145141602e-01
4.024886190891265869e-01
4.006870985031127930e-01
3.991064727306365967e-01
4.032463431358337402e-01
3.944919407367706299e-01
3.953480422496795654e-01
3.942343890666961670e-01
3.964022696018218994e-01
4.021899998188018799e-01
3.987206220626831055e-01
3.989459276199340820e-01
4.007361829280853271e-01
3.963184356689453125e-01
3.890965282917022705e-01
3.950465321540832520e-01
4.011891186237335205e-01
4.009941518306732178e-01
3.994340300559997559e-01
3.946878015995025635e-01
3.837657868862152100e-01
3.919743895530700684e-01
4.002244174480438232e-01
3.927834928035736084e-01
3.891937136650085449e-01
3.942583799362182617e-01
3.923827707767486572e-01
3.924120962619781494e-01
3.894338011741638184e-01
3.887524604797363281e-01
3.943781256675720215e-01
3.970609605312347412e-01
4.027490615844726562e-01
3.947995007038116455e-01
3.868550062179565430e-01
3.880694210529327393e-01
3.958464264869689941e-01
4.006595015525817871e-01
4.013366699218750000e-01
4.043470323085784912e-01
3.982357084751129150e-01
3.914186060428619385e-01
3.889356851577758789e-01
3.926050961017608643e-01
3.963538408279418945e-01
3.915063440799713135e-01
3.905506432056427002e-01
4.009230732917785645e-01
4.035473465919494629e-01
3.954401314258575439e-01
3.859611749649047852e-01
3.889223635196685791e-01
3.882510960102081299e-01
3.868897557258605957e-01
3.943279683589935303e-01
3.928226828575134277e-01
3.951998054981231689e-01
3.974939584732055664e-01
3.902685344219207764e-01
3.931947946548461914e-01
3.918844759464263916e-01
3.827440440654754639e-01
3.917696774005889893e-01
3.941712975502014160e-01
3.970324695110321045e-01
3.965014219284057617e-01
3.892403244972229004e-01
3.856238722801208496e-01
3.851331770420074463e-01
3.910388052463531494e-01
3.961844444274902344e-01
4.016699194908142090e-01
3.886609673500061035e-01
3.879513442516326904e-01
3.829809725284576416e-01
3.868857920169830322e-01
3.894711732864379883e-01
3.875671327114105225e-01
3.921608030796051025e-01
3.881124556064605713e-01
3.876093327999114990e-01
3.861172795295715332e-01
3.802313506603240967e-01
3.870933949947357178e-01
3.900623321533203125e-01
3.913706839084625244e-01
3.939035832881927490e-01
3.945800364017486572e-01
3.812853097915649414e-01
3.838636279106140137e-01
3.898567259311676025e-01
3.912664949893951416e-01
3.878152668476104736e-01
3.812093138694763184e-01
3.795237541198730469e-01
3.906539380550384521e-01
3.935367465019226074e-01
3.904903829097747803e-01
3.847993314266204834e-01
3.836626410484313965e-01
3.819015324115753174e-01
3.800022304058074951e-01
3.819140195846557617e-01
3.801526129245758057e-01
3.891483843326568604e-01
3.926511406898498535e-01
3.874046504497528076e-01
3.768673539161682129e-01
3.732461035251617432e-01
3.812759220600128174e-01
3.882319033145904541e-01
3.902437984943389893e-01
3.814098536968231201e-01
3.782381415367126465e-01
3.804644048213958740e-01
3.803024291992187500e-01
3.843239247798919678e-01
3.852889239788055420e-01
3.838532567024230957e-01
3.869304955005645752e-01
3.816509842872619629e-01
3.846087455749511719e-01
3.862017989158630371e-01
3.800112307071685791e-01
3.731389045715332031e-01
3.814116716384887695e-01
3.809513747692108154e-01
3.805580735206604004e-01
3.773490786552429199e-01
3.779563307762145996e-01
3.755191266536712646e-01
3.785934448242187500e-01
3.797345757484436035e-01
3.749963939189910889e-01
3.741282522678375244e-01
3.783621788024902344e-01
3.788250386714935303e-01
3.844527602195739746e-01
3.842396140098571777e-01
3.750996589660644531e-01
3.767049610614776611e-01
3.753947615623474121e-01
3.762161433696746826e-01
3.822138905525207520e-01
3.797122836112976074e-01
3.792930543422698975e-01
