1.000000000000000000e+00
8.890896439552307129e-01
7.178960442543029785e-01
5.872260928153991699e-01
4.992197453975677490e-01
4.532478153705596924e-01
4.438418447971343994e-01
4.587718546390533447e-01
4.887614846229553223e-01
5.269335508346557617e-01
5.669566392898559570e-01
6.048505902290344238e-01
6.309925317764282227e-01
6.421285867691040039e-01
6.454452276229858398e-01
6.445392370223999023e-01
6.377209424972534180e-01
6.203027367591857910e-01
5.977662205696105957e-01
5.740765929222106934e-01
5.493977069854736328e-01
5.144293904304504395e-01
5.017389059066772461e-01
5.166422128677368164e-01
5.443463325500488281e-01
5.738396048545837402e-01
5.854387283325195312e-01
5.716733336448669434e-01
5.443372726440429688e-01
5.195313692092895508e-01
5.127943158149719238e-01
5.077893733978271484e-01
5.152729749679565430e-01
5.388600230216979980e-01
5.567461252212524414e-01
5.592935681343078613e-01
5.567283630371093750e-01
5.359998941421508789e-01
5.074539184570312500e-01
4.982992112636566162e-01
5.124799609184265137e-01
5.335759520530700684e-01
5.517782568931579590e-01
5.523136854171752930e-01
5.356816053390502930e-01
5.217286348342895508e-01
5.151942968368530273e-01
5.136243104934692383e-01
5.214474797248840332e-01
5.340280532836914062e-01
5.334488749504089355e-01
5.329851508140563965e-01
5.335541963577270508e-01
5.290280580520629883e-01
5.240365266799926758e-01
5.217986702919006348e-01
5.172982811927795410e-01
5.168958306312561035e-01
5.251795649528503418e-01
5.218140482902526855e-01
5.310391783714294434e-01
5.313411355018615723e-01
5.231682658195495605e-01
5.111520886421203613e-01
5.079553723335266113e-01
5.116648077964782715e-01
5.200350284576416016e-01
5.153027176856994629e-01
5.090932250022888184e-01
5.146963596343994141e-01
5.151739120483398438e-01
5.055693387985229492e-01
4.973429143428802490e-01
5.014761090278625488e-01
5.089937448501586914e-01
5.097476840019226074e-01
5.098450183868408203e-01
5.100903511047363281e-01
5.097943544387817383e-01
5.143789052963256836e-01
5.216988921165466309e-01
5.112583041191101074e-01
4.925324618816375732e-01
4.983530640602111816e-01
5.081928968429565430e-01
5.171810984611511230e-01
5.105553865432739258e-01
5.008271932601928711e-01
4.968109130859375000e-01
4.991651177406311035e-01
5.017046332359313965e-01
5.052961707115173340e-01
5.058392882347106934e-01
5.021772980690002441e-01
4.950095713138580322e-01
4.927255511283874512e-01
5.021889805793762207e-01
5.092828869819641113e-01
5.035701394081115723e-01
4.977905452251434326e-01
4.944738745689392090e-01
4.932597279548645020e-01
5.031096935272216797e-01
5.063686370849609375e-01
5.013816952705383301e-01
5.037942528724670410e-01
5.020198225975036621e-01
4.942285716533660889e-01
4.913620650768280029e-01
4.916476309299468994e-01
5.005883574485778809e-01
5.020049214363098145e-01
5.005568861961364746e-01
4.935890436172485352e-01
4.960072934627532959e-01
4.973084926605224609e-01
4.895957708358764648e-01
4.890845119953155518e-01
4.918718934059143066e-01
4.941535890102386475e-01
4.914913475513458252e-01
5.009443759918212891e-01
4.998002052307128906e-01
4.895616471767425537e-01
4.842652380466461182e-01
4.882736504077911377e-01
4.845711290836334229e-01
4.815311729907989502e-01
4.966478347778320312e-01
4.996032118797302246e-01
4.915188848972320557e-01
4.916374087333679199e-01
4.927742779254913330e-01
4.832995533943176270e-01
4.766162633895874023e-01
4.831317365169525146e-01
4.909609556198120117e-01
4.955798685550689697e-01
4.932691752910614014e-01
4.839539527893066406e-01
4.807431995868682861e-01
4.814662337303161621e-01
4.778088033199310303e-01
4.729132652282714844e-01
4.757772088050842285e-01
4.850107431411743164e-01
4.888222813606262207e-01
4.860488772392272949e-01
4.750050604343414307e-01
4.662285149097442627e-01
4.675304591655731201e-01
4.740533232688903809e-01
4.782543182373046875e-01
4.850882887840270996e-01
4.945574700832366943e-01
4.883665740489959717e-01
4.798462092876434326e-01
4.753193259239196777e-01
4.681983888149261475e-01
4.684671759605407715e-01
4.822178483009338379e-01
4.945428371429443359e-01
4.930094480514526367e-01
4.764346480369567871e-01
4.695907831192016602e-01
4.651789665222167969e-01
4.715372622013092041e-01
4.810765385627746582e-01
4.792584776878356934e-01
4.832691550254821777e-01
4.772602021694183350e-01
4.772471189498901367e-01
4.786494374275207520e-01
4.755239486694335938e-01
4.720742702484130859e-01
4.730354249477386475e-01
4.741102755069732666e-01
4.689459800720214844e-01
4.666642546653747559e-01
4.714765846729278564e-01
4.751518070697784424e-01
4.776052832603454590e-01
4.698426425457000732e-01
4.698942899703979492e-01
4.738619625568389893e-01
4.687068164348602295e-01
4.658133685588836670e-01
4.741167426109313965e-01
4.790619611740112305e-01
4.796334803104400635e-01
4.787954986095428467e-01
4.678224325180053711e-01
4.637757837772369385e-01
4.688500761985778809e-01
4.797863662242889404e-01
4.802997410297393799e-01
4.708215594291687012e-01
4.666977524757385254e-01
4.689014256000518799e-01
4.731643199920654297e-01
4.724545478820800781e-01
4.731966555118560791e-01
4.679049253463745117e-01
4.672230780124664307e-01
4.625785052776336670e-01
4.718434810638427734e-01
4.730538129806518555e-01
4.671734571456909180e-01
4.588623046875000000e-01
4.558435380458831787e-01
4.593569040298461914e-01
4.677263796329498291e-01
4.673611223697662354e-01
4.645839333534240723e-01
4.629062414169311523e-01
4.607101976871490479e-01
4.614658355712890625e-01
4.664583206176757812e-01
4.688090085983276367e-01
4.648564159870147705e-01
4.611664116382598877e-01
4.626156985759735107e-01
4.637601375579833984e-01
4.682611823081970215e-01
4.705840647220611572e-01
4.674027562141418457e-01
4.664967358112335205e-01
4.675831496715545654e-01
4.664655327796936035e-01
4.637120664119720459e-01
4.654058814048767090e-01
4.694622457027435303e-01
4.626635909080505371e-01
4.629572629928588867e-01
4.663212895393371582e-01
4.640555083751678467e-01
4.584611058235168457e-01
4.593078494071960449e-01
4.631118178367614746e-01
4.705384373664855957e-01
4.672660827636718750e-01
4.584419131278991699e-01
4.577624797821044922e-01
4.578525424003601074e-01
4.598245918750762939e-01
4.668976366519927979e-01
4.652306139469146729e-01
4.626591503620147705e-01
4.616691768169403076e-01
4.570639431476593018e-01
4.604668617248535156e-01
4.623152315616607666e-01
4.552945494651794434e-01
4.474275112152099609e-01
4.596030414104461670e-01
4.627427458763122559e-01
4.600341618061065674e-01
4.575608074665069580e-01
4.553668797016143799e-01
4.525790810585021973e-01
4.500561058521270752e-01
4.507753551006317139e-01
4.572950601577758789e-01
4.566006064414978027e-01
4.512928724288940430e-01
4.569872319698333740e-01
4.562815725803375244e-01
4.488372802734375000e-01
4.494857192039489746e-01
4.452429413795471191e-01
4.510030150413513184e-01
4.515596330165863037e-01
4.521975517272949219e-01
4.597626328468322754e-01
4.534835219383239746e-01
4.452280700206756592e-01
4.463964104652404785e-01
4.526660740375518799e-01
4.563679099082946777e-01
4.608551561832427979e-01
4.576311111450195312e-01
4.505857229232788086e-01
4.488737881183624268e-01
4.524357020854949951e-01
4.503324925899505615e-01
4.445196092128753662e-01
4.466377496719360352e-01
4.484113454818725586e-01
4.525995552539825439e-01
4.535293877124786377e-01
4.513971507549285889e-01
4.500111341476440430e-01
4.472476541996002197e-01
4.454863667488098145e-01
4.508610069751739502e-01
4.532742202281951904e-01
4.497498571872711182e-01
4.484821557998657227e-01
4.497379660606384277e-01
4.523965418338775635e-01
4.516728818416595459e-01
4.487215280532836914e-01
4.511047005653381348e-01
4.504483342170715332e-01
4.443614482879638672e-01
4.439141750335693359e-01
4.514842927455902100e-01
4.518514871597290039e-01
4.485490024089813232e-01
4.479885399341583252e-01
4.478422105312347412e-01
4.406932592391967773e-01
4.395776987075805664e-01
4.452724456787109375e-01
4.487111866474151611e-01
4.442763030529022217e-01
4.489575624465942383e-01
4.494958817958831787e-01
4.506052732467651367e-01
4.447974562644958496e-01
4.441547691822052002e-01
4.435577690601348877e-01
4.446731209754943848e-01
4.565917551517486572e-01
4.534344375133514404e-01
4.450508058071136475e-01
4.489659667015075684e-01
4.521754384040832520e-01
4.461075365543365479e-01
4.461605846881866455e-01
4.482824504375457764e-01
4.455553293228149414e-01
4.451167583465576172e-01
4.515949189662933350e-01
4.506812095642089844e-01
4.461802840232849121e-01
4.469462037086486816e-01
4.504600465297698975e-01
4.452276825904846191e-01
4.422776997089385986e-01
4.389403164386749268e-01
4.397659897804260254e-01
4.449694752693176270e-01
4.534661769866943359e-01
4.496193230152130127e-01
4.368398487567901611e-01
4.365728795528411865e-01
4.429203569889068604e-01
4.409745335578918457e-01
4.385301470756530762e-01
4.358422756195068359e-01
4.369128644466400146e-01
4.463220834732055664e-01
4.453096687793731689e-01
4.460152685642242432e-01
4.511291086673736572e-01
4.389191269874572754e-01
4.313763082027435303e-01
4.303691387176513672e-01
4.447411596775054932e-01
4.602961540222167969e-01
4.481898844242095947e-01
4.359832704067230225e-01
4.363501369953155518e-01
4.426924884319305420e-01
4.406739771366119385e-01
4.400343596935272217e-01
4.358168840408325195e-01
4.372557103633880615e-01
4.391022026538848877e-01
4.398352801799774170e-01
4.428543448448181152e-01
4.378010332584381104e-01
4.358924031257629395e-01
4.338896572589874268e-01
4.399376511573791504e-01
4.390245676040649414e-01
4.335804283618927002e-01
4.348118007183074951e-01
4.411603212356567383e-01
4.388496577739715576e-01
4.364039897918701172e-01
4.381770193576812744e-01
4.353736042976379395e-01
4.335584938526153564e-01
4.354014098644256592e-01
4.365940093994140625e-01
4.337971508502960205e-01
4.367205202579498291e-01
4.391905367374420166e-01
4.352547824382781982e-01
4.356773793697357178e-01
4.385099411010742188e-01
4.358536005020141602e-01
4.368842244148254395e-01
4.398066699504852295e-01
4.346281290054321289e-01
4.267418682575225830e-01
4.335893094539642334e-01
4.331887960433959961e-01
4.330631494522094727e-01
4.308055043220520020e-01
4.352708458900451660e-01
4.329602718353271484e-01
4.226290285587310791e-01
4.218680560588836670e-01
4.254299104213714600e-01
4.289617836475372314e-01
4.314090609550476074e-01
4.331164956092834473e-01
4.335913658142089844e-01
4.329116642475128174e-01
4.295888841152191162e-01
4.295563399791717529e-01
4.309973120689392090e-01
4.247036576271057129e-01
4.264354705810546875e-01
4.330343008041381836e-01
4.397551715373992920e-01
4.415525197982788086e-01
4.291364550590515137e-01
4.185466170310974121e-01
4.272421300411224365e-01
4.345276057720184326e-01
4.333707392215728760e-01
4.341595768928527832e-01
4.329444169998168945e-01
4.303844273090362549e-01
4.327392578125000000e-01
4.377269744873046875e-01
4.350581169128417969e-01
4.325440824031829834e-01
4.296652972698211670e-01
4.218348562717437744e-01
4.310972094535827637e-01
4.374713003635406494e-01
4.333969354629516602e-01
4.244995117187500000e-01
4.297246336936950684e-01
4.344907701015472412e-01
4.256156682968139648e-01
4.185508489608764648e-01
4.292533099651336670e-01
4.342756271362304688e-01
4.290868937969207764e-01
4.236124455928802490e-01
4.274365007877349854e-01
4.240845739841461182e-01
4.268094599246978760e-01
4.262856245040893555e-01
4.302313923835754395e-01
4.372651875019073486e-01
4.332390129566192627e-01
4.266907870769500732e-01
4.284330904483795166e-01
4.282345473766326904e-01
4.278880655765533447e-01
4.259252846240997314e-01
4.228720366954803467e-01
4.240280389785766602e-01
4.300924241542816162e-01
4.256341457366943359e-01
4.144694805145263672e-01
4.155510365962982178e-01
4.238769412040710449e-01
4.256552457809448242e-01
4.203299582004547119e-01
4.143310189247131348e-01
4.176631867885589600e-01
4.210426211357116699e-01
4.214995801448822021e-01
4.188324213027954102e-01
4.194991886615753174e-01
4.267080724239349365e-01
4.208922088146209717e-01
4.167977571487426758e-01
4.197783470153808594e-01
4.221622645854949951e-01
4.239768087863922119e-01
4.232800304889678955e-01
4.216874241828918457e-01
4.246259331703186035e-01
4.238483607769012451e-01
4.191445410251617432e-01
4.244748651981353760e-01
4.258820712566375732e-01
4.206891953945159912e-01
4.214515089988708496e-01
4.191427230834960938e-01
4.178965389728546143e-01
4.184114038944244385e-01
4.205323457717895508e-01
4.246647059917449951e-01
4.205416738986968994e-01
4.178250133991241455e-01
4.172448515892028809e-01
4.215995967388153076e-01
4.179081320762634277e-01
4.186481833457946777e-01
4.188175201416015625e-01
4.171724617481231689e-01
4.220080375671386719e-01
4.251286089420318604e-01
4.182623326778411865e-01
4.183563888072967529e-01
4.190798103809356689e-01
4.060670435428619385e-01
4.095535576343536377e-01
4.163413643836975098e-01
4.210456013679504395e-01
4.225251376628875732e-01
